package frc.paths;

import com.team319.trajectory.Path;

public class BarrelRun extends Path {
   // dt,x,y,left.pos,left.vel,left.acc,left.jerk,center.pos,center.vel,center.acc,center.jerk,right.pos,right.vel,right.acc,right.jerk,heading
	private static final double[][] points = {
				{0.0200,2.3428,-0.0900,0.0028,0.1400,7.0000,0.0000,0.0028,0.1400,7.0000,0.0000,0.0028,0.1400,7.0000,0.0000,0.0000},
				{0.0200,2.3484,-0.0900,0.0084,0.2800,6.9989,-0.0528,0.0084,0.2800,7.0000,0.0000,0.0084,0.2800,7.0011,0.0528,0.0000},
				{0.0200,2.3568,-0.0900,0.0168,0.4199,6.9975,-0.0722,0.0168,0.4200,7.0000,0.0000,0.0168,0.4201,7.0025,0.0722,0.0000},
				{0.0200,2.3680,-0.0900,0.0280,0.5598,6.9952,-0.1171,0.0280,0.5600,7.0000,0.0000,0.0280,0.5602,7.0048,0.1171,0.0000},
				{0.0200,2.3820,-0.0900,0.0420,0.6997,6.9921,-0.1541,0.0420,0.7000,7.0000,0.0000,0.0420,0.7003,7.0079,0.1541,0.0000},
				{0.0200,2.3988,-0.0900,0.0588,0.8394,6.9883,-0.1894,0.0588,0.8400,7.0000,0.0000,0.0588,0.8406,7.0117,0.1894,0.0000},
				{0.0200,2.4184,-0.0900,0.0784,0.9791,6.9838,-0.2225,0.0784,0.9800,7.0000,0.0000,0.0784,0.9809,7.0162,0.2225,0.0000},
				{0.0200,2.4408,-0.0900,0.1007,1.1187,6.9788,-0.2532,0.1008,1.1200,7.0000,0.0000,0.1009,1.1213,7.0212,0.2532,0.0001},
				{0.0200,2.4660,-0.0900,0.1259,1.2582,6.9732,-0.2809,0.1260,1.2600,7.0000,0.0000,0.1261,1.2618,7.0268,0.2809,0.0001},
				{0.0200,2.4940,-0.0900,0.1538,1.3975,6.9671,-0.3053,0.1540,1.4000,7.0000,0.0000,0.1542,1.4025,7.0329,0.3053,0.0001},
				{0.0200,2.5248,-0.0900,0.1846,1.5367,6.9605,-0.3261,0.1848,1.5400,7.0000,0.0000,0.1850,1.5433,7.0395,0.3261,0.0002},
				{0.0200,2.5584,-0.0900,0.2181,1.6758,6.9537,-0.3429,0.2184,1.6800,7.0000,0.0000,0.2187,1.6842,7.0463,0.3429,0.0003},
				{0.0200,2.5948,-0.0900,0.2544,1.8147,6.9466,-0.3554,0.2548,1.8200,7.0000,0.0000,0.2552,1.8253,7.0534,0.3554,0.0004},
				{0.0200,2.6340,-0.0900,0.2935,1.9535,6.9393,-0.3634,0.2940,1.9600,7.0000,0.0000,0.2945,1.9665,7.0607,0.3634,0.0005},
				{0.0200,2.6760,-0.0899,0.3353,2.0921,6.9320,-0.3665,0.3360,2.1000,7.0000,0.0000,0.3367,2.1079,7.0680,0.3665,0.0006},
				{0.0200,2.7208,-0.0899,0.3799,2.2306,6.9247,-0.3645,0.3808,2.2400,7.0000,0.0000,0.3817,2.2494,7.0753,0.3645,0.0008},
				{0.0200,2.7684,-0.0899,0.4273,2.3690,6.9175,-0.3572,0.4284,2.3800,7.0000,0.0000,0.4295,2.3910,7.0825,0.3572,0.0010},
				{0.0200,2.8188,-0.0898,0.4774,2.5072,6.9106,-0.3446,0.4788,2.5200,7.0000,0.0000,0.4802,2.5328,7.0894,0.3446,0.0012},
				{0.0200,2.8720,-0.0897,0.5303,2.6453,6.9041,-0.3263,0.5320,2.6600,7.0000,0.0000,0.5337,2.6747,7.0959,0.3263,0.0015},
				{0.0200,2.9280,-0.0896,0.5860,2.7832,6.8981,-0.3024,0.5880,2.8000,7.0000,0.0000,0.5900,2.8168,7.1019,0.3024,0.0018},
				{0.0200,2.9868,-0.0895,0.6444,2.9211,6.8926,-0.2728,0.6468,2.9400,7.0000,0.0000,0.6492,2.9589,7.1074,0.2728,0.0021},
				{0.0200,3.0484,-0.0894,0.7056,3.0588,6.8879,-0.2374,0.7084,3.0800,7.0000,0.0000,0.7112,3.1012,7.1121,0.2374,0.0025},
				{0.0200,3.1128,-0.0892,0.7695,3.1965,6.8839,-0.1963,0.7728,3.2200,7.0000,0.0000,0.7761,3.2435,7.1161,0.1963,0.0029},
				{0.0200,3.1800,-0.0890,0.8362,3.3341,6.8809,-0.1496,0.8400,3.3600,7.0000,0.0000,0.8438,3.3859,7.1191,0.1496,0.0034},
				{0.0200,3.2500,-0.0887,0.9057,3.4717,6.8790,-0.0974,0.9100,3.5000,7.0000,0.0000,0.9143,3.5283,7.1210,0.0974,0.0039},
				{0.0200,3.3228,-0.0884,0.9778,3.6093,6.8782,-0.0399,0.9828,3.6400,7.0000,0.0000,0.9878,3.6707,7.1218,0.0399,0.0044},
				{0.0200,3.3984,-0.0881,1.0528,3.7469,6.8787,0.0227,1.0584,3.7800,7.0000,0.0000,1.0640,3.8131,7.1213,-0.0227,0.0050},
				{0.0200,3.4768,-0.0877,1.1305,3.8845,6.8805,0.0901,1.1368,3.9200,7.0000,0.0000,1.1431,3.9555,7.1195,-0.0901,0.0056},
				{0.0200,3.5580,-0.0872,1.2109,4.0221,6.8837,0.1619,1.2180,4.0600,7.0000,0.0000,1.2251,4.0979,7.1163,-0.1619,0.0063},
				{0.0200,3.6420,-0.0866,1.2941,4.1599,6.8884,0.2378,1.3020,4.2000,7.0000,0.0000,1.3099,4.2401,7.1116,-0.2378,0.0070},
				{0.0200,3.7288,-0.0860,1.3801,4.2978,6.8948,0.3173,1.3888,4.3400,7.0000,0.0000,1.3975,4.3822,7.1052,-0.3173,0.0078},
				{0.0200,3.8184,-0.0853,1.4688,4.4359,6.9028,0.3998,1.4784,4.4800,7.0000,0.0000,1.4880,4.5241,7.0972,-0.3998,0.0085},
				{0.0200,3.9108,-0.0844,1.5603,4.5741,6.9125,0.4847,1.5708,4.6200,7.0000,0.0000,1.5813,4.6659,7.0875,-0.4847,0.0094},
				{0.0200,4.0060,-0.0835,1.6545,4.7126,6.9239,0.5714,1.6660,4.7600,7.0000,0.0000,1.6775,4.8074,7.0761,-0.5714,0.0102},
				{0.0200,4.1040,-0.0825,1.7515,4.8513,6.9371,0.6591,1.7640,4.9000,7.0000,0.0000,1.7765,4.9487,7.0629,-0.6590,0.0111},
				{0.0200,4.2048,-0.0813,1.8514,4.9904,6.9520,0.7469,1.8648,5.0400,7.0000,0.0000,1.8782,5.0896,7.0480,-0.7469,0.0120},
				{0.0200,4.3084,-0.0800,1.9539,5.1297,6.9687,0.8341,1.9684,5.1800,7.0000,0.0000,1.9829,5.2303,7.0313,-0.8341,0.0128},
				{0.0200,4.4147,-0.0786,2.0593,5.2695,6.9871,0.9196,2.0748,5.3200,7.0000,0.0000,2.0903,5.3705,7.0129,-0.9195,0.0137},
				{0.0200,4.5239,-0.0770,2.1675,5.4096,7.0071,1.0023,2.1840,5.4600,7.0000,0.0000,2.2005,5.5104,6.9929,-1.0023,0.0146},
				{0.0200,4.6359,-0.0754,2.2785,5.5502,7.0288,1.0811,2.2960,5.6000,7.0000,0.0000,2.3135,5.6498,6.9712,-1.0811,0.0155},
				{0.0200,4.7507,-0.0735,2.3924,5.6912,7.0519,1.1549,2.4108,5.7400,7.0000,0.0000,2.4292,5.7888,6.9481,-1.1549,0.0164},
				{0.0200,4.8683,-0.0715,2.5090,5.8328,7.0763,1.2222,2.5284,5.8800,7.0000,0.0000,2.5478,5.9272,6.9237,-1.2222,0.0172},
				{0.0200,4.9887,-0.0694,2.6285,5.9748,7.1019,1.2818,2.6488,6.0200,7.0000,0.0000,2.6691,6.0652,6.8981,-1.2818,0.0180},
				{0.0200,5.1119,-0.0672,2.7509,6.1174,7.1286,1.3321,2.7720,6.1600,7.0000,0.0000,2.7931,6.2026,6.8714,-1.3321,0.0188},
				{0.0200,5.2378,-0.0647,2.8761,6.2605,7.1560,1.3716,2.8980,6.3000,7.0000,0.0000,2.9199,6.3395,6.8440,-1.3715,0.0195},
				{0.0200,5.3666,-0.0622,3.0042,6.4042,7.1840,1.3985,3.0268,6.4400,7.0000,0.0000,3.0494,6.4758,6.8160,-1.3985,0.0201},
				{0.0200,5.4982,-0.0595,3.1351,6.5484,7.2122,1.4112,3.1584,6.5800,7.0000,0.0000,3.1817,6.6116,6.7878,-1.4112,0.0207},
				{0.0200,5.6325,-0.0567,3.2690,6.6932,7.2404,1.4078,3.2928,6.7200,7.0000,0.0000,3.3166,6.7468,6.7596,-1.4078,0.0212},
				{0.0200,5.7697,-0.0538,3.4058,6.8386,7.2681,1.3864,3.4300,6.8600,7.0000,0.0000,3.4542,6.8814,6.7319,-1.3864,0.0216},
				{0.0200,5.9097,-0.0507,3.5454,6.9845,7.2950,1.3447,3.5700,7.0000,7.0000,0.0000,3.5946,7.0155,6.7050,-1.3447,0.0218},
				{0.0200,6.0525,-0.0476,3.6881,7.1309,7.3206,1.2808,3.7128,7.1400,7.0000,0.0000,3.7375,7.1491,6.6794,-1.2808,0.0220},
				{0.0200,6.1980,-0.0444,3.8336,7.2778,7.3445,1.1923,3.8584,7.2800,7.0000,0.0000,3.8832,7.2822,6.6555,-1.1923,0.0220},
				{0.0200,6.3464,-0.0411,3.9821,7.4251,7.3660,1.0767,4.0068,7.4200,7.0000,0.0000,4.0315,7.4149,6.6340,-1.0768,0.0219},
				{0.0200,6.4975,-0.0378,4.1336,7.5728,7.3846,0.9316,4.1580,7.5600,7.0000,0.0000,4.1824,7.5472,6.6154,-0.9317,0.0217},
				{0.0200,6.6515,-0.0345,4.2880,7.7208,7.3997,0.7543,4.3120,7.7000,7.0000,0.0000,4.3360,7.6792,6.6003,-0.7544,0.0213},
				{0.0200,6.8083,-0.0312,4.4454,7.8690,7.4105,0.5420,4.4688,7.8400,7.0000,0.0000,4.4922,7.8110,6.5894,-0.5420,0.0208},
				{0.0200,6.9678,-0.0279,4.6057,8.0173,7.4164,0.2917,4.6284,7.9800,7.0000,0.0000,4.6511,7.9427,6.5836,-0.2918,0.0202},
				{0.0200,7.1302,-0.0247,4.7690,8.1657,7.4164,0.0005,4.7908,8.1200,7.0000,0.0000,4.8126,8.0743,6.5836,-0.0006,0.0193},
				{0.0200,7.2898,-0.0217,4.9297,8.0319,-6.6874,-705.1889,4.9504,7.9800,-7.0000,0.0000,4.9711,7.9281,-7.3126,-694.8111,0.0184},
				{0.0200,7.4466,-0.0189,5.0876,7.8972,-6.7341,-2.3379,5.1072,7.8400,-7.0000,0.0000,5.1268,7.7828,-7.2659,2.3380,0.0174},
				{0.0200,7.6005,-0.0163,5.2429,7.7616,-6.7817,-2.3777,5.2612,7.7000,-7.0000,0.0000,5.2795,7.6384,-7.2183,2.3778,0.0163},
				{0.0200,7.7517,-0.0139,5.3954,7.6250,-6.8295,-2.3878,5.4124,7.5600,-7.0000,0.0000,5.4294,7.4950,-7.1706,2.3879,0.0152},
				{0.0200,7.9001,-0.0118,5.5451,7.4875,-6.8769,-2.3710,5.5608,7.4200,-7.0000,0.0000,5.5765,7.3525,-7.1231,2.3711,0.0140},
				{0.0200,8.0457,-0.0098,5.6921,7.3490,-6.9235,-2.3300,5.7064,7.2800,-7.0000,0.0000,5.7207,7.2110,-7.0765,2.3301,0.0127},
				{0.0200,8.1885,-0.0081,5.8363,7.2096,-6.9688,-2.2672,5.8492,7.1400,-7.0000,0.0000,5.8621,7.0704,-7.0312,2.2673,0.0115},
				{0.0200,8.3285,-0.0066,5.9777,7.0694,-7.0125,-2.1851,5.9892,7.0000,-7.0000,0.0000,6.0007,6.9306,-6.9875,2.1851,0.0103},
				{0.0200,8.4657,-0.0052,6.1162,6.9283,-7.0542,-2.0860,6.1264,6.8600,-7.0000,0.0000,6.1366,6.7917,-6.9458,2.0860,0.0090},
				{0.0200,8.6001,-0.0041,6.2520,6.7864,-7.0937,-1.9721,6.2608,6.7200,-7.0000,0.0000,6.2696,6.6536,-6.9063,1.9721,0.0079},
				{0.0200,8.7317,-0.0031,6.3848,6.6438,-7.1306,-1.8455,6.3924,6.5800,-7.0000,0.0000,6.4000,6.5162,-6.8694,1.8455,0.0067},
				{0.0200,8.8604,-0.0023,6.5148,6.5005,-7.1648,-1.7083,6.5212,6.4400,-7.0000,0.0000,6.5276,6.3795,-6.8352,1.7083,0.0057},
				{0.0200,8.9864,-0.0017,6.6420,6.3566,-7.1960,-1.5623,6.6472,6.3000,-7.0000,0.0000,6.6524,6.2434,-6.8040,1.5623,0.0046},
				{0.0200,9.1096,-0.0012,6.7662,6.2121,-7.2242,-1.4094,6.7704,6.1600,-7.0000,0.0000,6.7746,6.1079,-6.7758,1.4094,0.0037},
				{0.0200,9.2300,-0.0008,6.8876,6.0671,-7.2492,-1.2513,6.8908,6.0200,-7.0000,0.0000,6.8940,5.9729,-6.7508,1.2513,0.0029},
				{0.0200,9.3476,-0.0005,7.0060,5.9217,-7.2710,-1.0895,7.0084,5.8800,-7.0000,0.0000,7.0108,5.8383,-6.7290,1.0895,0.0021},
				{0.0200,9.4624,-0.0003,7.1215,5.7759,-7.2895,-0.9255,7.1232,5.7400,-7.0000,0.0000,7.1249,5.7041,-6.7105,0.9255,0.0015},
				{0.0200,9.5744,-0.0001,7.2341,5.6298,-7.3047,-0.7608,7.2352,5.6000,-7.0000,0.0000,7.2363,5.5702,-6.6953,0.7608,0.0010},
				{0.0200,9.6836,-0.0001,7.3438,5.4835,-7.3167,-0.5966,7.3444,5.4600,-7.0000,0.0000,7.3450,5.4365,-6.6833,0.5966,0.0006},
				{0.0200,9.7900,-0.0000,7.4505,5.3370,-7.3253,-0.4341,7.4508,5.3200,-7.0000,0.0000,7.4511,5.3030,-6.6746,0.4341,0.0003},
				{0.0200,9.8936,-0.0000,7.5543,5.1904,-7.3308,-0.2745,7.5544,5.1800,-7.0000,0.0000,7.5545,5.1696,-6.6692,0.2744,0.0001},
				{0.0200,9.9944,-0.0000,7.6552,5.0437,-7.3332,-0.1186,7.6552,5.0400,-7.0000,0.0000,7.6552,5.0363,-6.6668,0.1186,0.0000},
				{0.0200,10.0000,-0.0000,7.6608,0.2778,-238.2965,-11548.1623,7.6608,4.9000,-7.0000,0.0000,7.6608,0.2778,-237.9270,-11563.0108,-0.0000},
				{0.0200,10.1000,0.0000,7.7595,4.9394,233.0788,23568.7628,7.7608,5.0000,7.0000,0.0000,7.7620,5.0606,239.1446,23853.5822,0.0011},
				{0.0200,10.2000,0.0003,7.8562,4.8313,-5.4015,-11924.0173,7.8608,5.0000,7.0000,0.0000,7.8653,5.1687,5.4014,-11687.1627,0.0041},
				{0.0200,10.3000,0.0009,7.9510,4.7433,-4.4020,49.9763,7.9608,5.0000,7.0000,0.0000,7.9705,5.2567,4.4018,-49.9805,0.0086},
				{0.0200,10.4000,0.0020,8.0445,4.6748,-3.4242,48.8894,8.0608,5.0000,7.0000,0.0000,8.0770,5.3252,3.4240,-48.8901,0.0144},
				{0.0200,10.5000,0.0038,8.1370,4.6249,-2.4954,46.4434,8.1608,5.0000,7.0000,0.0000,8.1845,5.3751,2.4951,-46.4418,0.0211},
				{0.0200,10.5999,0.0063,8.2289,4.5922,-1.6339,43.0727,8.2608,5.0000,7.0000,0.0000,8.2926,5.4078,1.6337,-43.0696,0.0283},
				{0.0200,10.6999,0.0095,8.3204,4.5752,-0.8507,39.1627,8.3608,5.0000,7.0000,0.0000,8.4011,5.4248,0.8506,-39.1590,0.0359},
				{0.0200,10.7998,0.0135,8.4118,4.5722,-0.1499,35.0383,8.4608,5.0000,7.0000,0.0000,8.5097,5.4278,0.1499,-35.0345,0.0435},
				{0.0200,10.8997,0.0182,8.5035,4.5816,0.4693,30.9584,8.5608,5.0000,7.0000,0.0000,8.6181,5.4184,-0.4692,-30.9549,0.0509},
				{0.0200,10.9996,0.0236,8.5955,4.6018,1.0116,27.1178,8.6608,5.0000,7.0000,0.0000,8.7260,5.3982,-1.0115,-27.1150,0.0580},
				{0.0200,11.0994,0.0298,8.6881,4.6315,1.4847,23.6533,8.7608,5.0000,7.0000,0.0000,8.8334,5.3685,-1.4846,-23.6513,0.0646},
				{0.0200,11.1991,0.0365,8.7815,4.6695,1.8978,20.6528,8.8608,5.0000,7.0000,0.0000,8.9400,5.3305,-1.8976,-20.6516,0.0704},
				{0.0200,11.2989,0.0438,8.8758,4.7147,2.2611,18.1655,8.9608,5.0000,7.0000,0.0000,9.0457,5.2853,-2.2609,-18.1651,0.0755},
				{0.0200,11.3986,0.0516,8.9711,4.7664,2.5853,16.2123,9.0608,5.0000,7.0000,0.0000,9.1504,5.2336,-2.5851,-16.2126,0.0797},
				{0.0200,11.4982,0.0597,9.0676,4.8240,2.8812,14.7953,9.1608,5.0000,7.0000,0.0000,9.2539,5.1760,-2.8811,-14.7964,0.0828},
				{0.0200,11.5979,0.0681,9.1654,4.8872,3.1594,13.9066,9.2608,5.0000,7.0000,0.0000,9.3562,5.1128,-3.1592,-13.9084,0.0848},
				{0.0200,11.6975,0.0766,9.2645,4.9558,3.4300,13.5345,9.3608,5.0000,7.0000,0.0000,9.4570,5.0442,-3.4300,-13.5370,0.0856},
				{0.0200,11.7972,0.0851,9.3651,5.0299,3.7034,13.6694,9.4608,5.0000,7.0000,0.0000,9.5564,4.9701,-3.7034,-13.6726,0.0851},
				{0.0200,11.8968,0.0935,9.4673,5.1097,3.9896,14.3076,9.5608,5.0000,7.0000,0.0000,9.6542,4.8903,-3.9897,-14.3116,0.0831},
				{0.0200,11.9965,0.1017,9.5712,5.1956,4.2987,15.4547,9.6608,5.0000,7.0000,0.0000,9.7503,4.8044,-4.2988,-15.4597,0.0796},
				{0.0200,12.0962,0.1094,9.6769,5.2885,4.6412,17.1274,9.7608,5.0000,7.0000,0.0000,9.8446,4.7115,-4.6415,-17.1336,0.0745},
				{0.0200,12.1959,0.1165,9.7847,5.3890,5.0283,19.3548,9.8608,5.0000,7.0000,0.0000,9.9368,4.6109,-5.0288,-19.3624,0.0676},
				{0.0200,12.2957,0.1228,9.8947,5.4985,5.4719,22.1783,9.9608,5.0000,7.0000,0.0000,10.0268,4.5015,-5.4725,-22.1879,0.0587},
				{0.0200,12.3956,0.1282,10.0071,5.6182,5.9849,25.6500,10.0608,5.0000,7.0000,0.0000,10.1144,4.3818,-5.9858,-25.6620,0.0477},
				{0.0200,12.4955,0.1323,10.1221,5.7498,6.5814,29.8275,10.1608,5.0000,7.0000,0.0000,10.1994,4.2501,-6.5826,-29.8428,0.0344},
				{0.0200,12.5955,0.1350,10.2400,5.8953,7.2767,34.7646,10.2608,5.0000,7.0000,0.0000,10.2815,4.1046,-7.2783,-34.7841,0.0185},
				{0.0200,12.6954,0.1359,10.3611,6.0571,8.0866,40.4921,10.3608,5.0000,7.0000,0.0000,10.3604,3.9428,-8.0886,-40.5172,-0.0003},
				{0.0200,12.7954,0.1348,10.4859,6.2376,9.0263,46.9848,10.4608,5.0000,7.0000,0.0000,10.4356,3.7622,-9.0290,-47.0172,-0.0223},
				{0.0200,12.8954,0.1313,10.6146,6.4398,10.1084,54.1045,10.5608,5.0000,7.0000,0.0000,10.5068,3.5600,-10.1119,-54.1463,-0.0479},
				{0.0200,12.9952,0.1251,10.7480,6.6665,11.3385,61.5071,10.6608,5.0000,7.0000,0.0000,10.5735,3.3331,-11.3431,-61.5608,-0.0775},
				{0.0200,13.0947,0.1157,10.8864,6.9207,12.7085,68.4981,10.7608,5.0000,7.0000,0.0000,10.6351,3.0788,-12.7145,-68.5664,-0.1117},
				{0.0200,13.1939,0.1026,11.0305,7.2044,14.1850,73.8264,10.8608,5.0000,7.0000,0.0000,10.6910,2.7950,-14.1927,-73.9115,-0.1509},
				{0.0200,13.2924,0.0854,11.1808,7.5183,15.6935,75.4235,10.9608,5.0000,7.0000,0.0000,10.7406,2.4809,-15.7032,-75.5263,-0.1957},
				{0.0200,13.3899,0.0636,11.3380,7.8602,17.0967,70.1604,11.0608,5.0000,7.0000,0.0000,10.7834,2.1387,-17.1088,-70.2778,-0.2465},
				{0.0200,13.4862,0.0364,11.5025,8.2237,18.1729,53.8113,11.1608,5.0000,7.0000,0.0000,10.8189,1.7750,-18.1875,-53.9340,-0.3039},
				{0.0200,13.5806,0.0035,11.6744,8.5958,18.6051,21.6106,11.2608,5.0000,7.0000,0.0000,10.8469,1.4025,-18.6218,-21.7182,-0.3678},
				{0.0200,13.6726,-0.0356,11.8536,8.9558,18.0034,-30.0830,11.3608,5.0000,7.0000,0.0000,10.8678,1.0421,-18.0214,30.0227,-0.4382},
				{0.0200,13.7615,-0.0814,12.0391,9.2756,15.9884,-100.7528,11.4608,5.0000,7.0000,0.0000,10.8822,0.7220,-16.0058,100.7803,-0.5142},
				{0.0200,13.8465,-0.1340,12.2295,9.5225,12.3439,-182.2234,11.5608,5.0000,7.0000,0.0000,10.8917,0.4748,-12.3583,182.3729,-0.5947},
				{0.0200,13.9269,-0.1934,12.4228,9.6664,7.1949,-257.4513,11.6608,5.0000,7.0000,0.0000,10.8983,0.3308,-7.2037,257.7296,-0.6777},
				{0.0200,14.0021,-0.2593,12.6166,9.6883,1.0957,-304.9573,11.7608,5.0000,7.0000,0.0000,10.9045,0.3088,-1.0971,305.3293,-0.7611},
				{0.0200,14.0716,-0.3311,12.8083,9.5867,-5.0798,-308.7780,11.8608,5.0000,7.0000,0.0000,10.9127,0.4105,5.0861,309.1619,-0.8427},
				{0.0200,14.1351,-0.4083,12.9959,9.3780,-10.4332,-267.6694,11.9608,5.0000,7.0000,0.0000,10.9251,0.6195,10.4456,267.9747,-0.9205},
				{0.0200,14.1927,-0.4901,13.1777,9.0910,-14.3501,-195.8447,12.0608,5.0000,7.0000,0.0000,10.9432,0.9068,14.3661,196.0270,-0.9933},
				{0.0200,14.2444,-0.5757,13.3529,8.7582,-16.6420,-114.5951,12.1608,5.0000,7.0000,0.0000,10.9680,1.2400,16.6592,114.6537,-1.0601},
				{0.0200,14.2905,-0.6643,13.5211,8.4086,-17.4814,-41.9691,12.2608,5.0000,7.0000,0.0000,10.9998,1.5899,17.4979,41.9332,-1.1208},
				{0.0200,14.3315,-0.7555,13.6823,8.0640,-17.2300,12.5677,12.3608,5.0000,7.0000,0.0000,11.0385,1.9348,17.2447,-12.6586,-1.1753},
				{0.0200,14.3678,-0.8487,13.8371,7.7384,-16.2789,47.5547,12.4608,5.0000,7.0000,0.0000,11.0837,2.2606,16.2914,-47.6672,-1.2239},
				{0.0200,14.3997,-0.9435,13.9859,7.4393,-14.9553,66.1792,12.5608,5.0000,7.0000,0.0000,11.1349,2.5599,14.9655,-66.2914,-1.2673},
				{0.0200,14.4277,-1.0395,14.1293,7.1694,-13.4932,73.1076,12.6608,5.0000,7.0000,0.0000,11.1915,2.8300,13.5014,-73.2080,-1.3059},
				{0.0200,14.4521,-1.1365,14.2678,6.9286,-12.0404,72.6394,12.7608,5.0000,7.0000,0.0000,11.2530,3.0709,12.0469,-72.7240,-1.3402},
				{0.0200,14.4735,-1.2341,14.4021,6.7150,-10.6798,68.0281,12.8608,5.0000,7.0000,0.0000,11.3186,3.2846,10.6850,-68.0968,-1.3707},
				{0.0200,14.4920,-1.3324,14.5327,6.5260,-9.4507,61.4567,12.9608,5.0000,7.0000,0.0000,11.3881,3.4737,9.4547,-61.5113,-1.3978},
				{0.0200,14.5080,-1.4311,14.6598,6.3587,-8.3655,54.2625,13.0608,5.0000,7.0000,0.0000,11.4609,3.6411,8.3686,-54.3053,-1.4220},
				{0.0200,14.5217,-1.5302,14.7840,6.2102,-7.4215,47.1962,13.1608,5.0000,7.0000,0.0000,11.5367,3.7896,7.4240,-47.2295,-1.4435},
				{0.0200,14.5335,-1.6295,14.9056,6.0781,-6.6088,40.6343,13.2608,5.0000,7.0000,0.0000,11.6152,3.9218,6.6108,-40.6603,-1.4627},
				{0.0200,14.5434,-1.7290,15.0248,5.9598,-5.9143,34.7295,13.3608,5.0000,7.0000,0.0000,11.6960,4.0401,5.9158,-34.7497,-1.4797},
				{0.0200,14.5517,-1.8286,15.1419,5.8533,-5.3241,29.5081,13.4608,5.0000,7.0000,0.0000,11.7789,4.1466,5.3254,-29.5239,-1.4949},
				{0.0200,14.5586,-1.9284,15.2570,5.7568,-4.8255,24.9304,13.5608,5.0000,7.0000,0.0000,11.8638,4.2431,4.8265,-24.9429,-1.5083},
				{0.0200,14.5643,-2.0282,15.3704,5.6687,-4.4070,20.9259,13.6608,5.0000,7.0000,0.0000,11.9504,4.3313,4.4078,-20.9356,-1.5202},
				{0.0200,14.5688,-2.1281,15.4821,5.5875,-4.0587,17.4118,13.7608,5.0000,7.0000,0.0000,12.0386,4.4125,4.0594,-17.4197,-1.5307},
				{0.0200,14.5723,-2.2281,15.5924,5.5120,-3.7726,14.3048,13.8608,5.0000,7.0000,0.0000,12.1284,4.4879,3.7732,-14.3110,-1.5398},
				{0.0200,14.5750,-2.3280,15.7012,5.4412,-3.5422,11.5238,13.9608,5.0000,7.0000,0.0000,12.2196,4.5588,3.5426,-11.5290,-1.5476},
				{0.0200,14.5770,-2.4280,15.8087,5.3739,-3.3623,8.9926,14.0608,5.0000,7.0000,0.0000,12.3121,4.6260,3.3627,-8.9968,-1.5543},
				{0.0200,14.5784,-2.5280,15.9149,5.3093,-3.2295,6.6385,14.1608,5.0000,7.0000,0.0000,12.4059,4.6906,3.2298,-6.6420,-1.5598},
				{0.0200,14.5792,-2.6280,16.0198,5.2465,-3.1417,4.3905,14.2608,5.0000,7.0000,0.0000,12.5010,4.7535,3.1420,-4.3936,-1.5642},
				{0.0200,14.5797,-2.7280,16.1235,5.1845,-3.0982,2.1772,14.3608,5.0000,7.0000,0.0000,12.5973,4.8154,3.0984,-2.1799,-1.5674},
				{0.0200,14.5799,-2.8280,16.2259,5.1226,-3.0997,-0.0777,14.4608,5.0000,7.0000,0.0000,12.6948,4.8774,3.0999,0.0752,-1.5696},
				{0.0200,14.5800,-2.9280,16.3271,5.0596,-3.1489,-2.4595,14.5608,5.0000,7.0000,0.0000,12.7936,4.9404,3.1490,2.4570,-1.5707},
				{0.0200,14.5800,-3.0280,16.4279,5.0367,-1.1422,100.3387,14.6608,5.0000,7.0000,0.0000,12.8929,4.9633,1.1422,-100.3416,-1.5713},
				{0.0200,14.5798,-3.1280,16.5318,5.1955,7.9392,454.0654,14.7608,5.0000,7.0000,0.0000,12.9890,4.8045,-7.9394,-454.0787,-1.5748},
				{0.0200,14.5791,-3.2280,16.6392,5.3721,8.8278,44.4306,14.8608,5.0000,7.0000,0.0000,13.0816,4.6279,-8.8284,-44.4512,-1.5814},
				{0.0200,14.5776,-3.3280,16.7502,5.5492,8.8543,1.3285,14.9608,5.0000,7.0000,0.0000,13.1706,4.4508,-8.8554,-1.3492,-1.5912},
				{0.0200,14.5749,-3.4280,16.8648,5.7315,9.1148,13.0246,15.0608,5.0000,7.0000,0.0000,13.2559,4.2685,-9.1164,-13.0477,-1.6042},
				{0.0200,14.5708,-3.5279,16.9833,5.9235,9.6023,24.3753,15.1608,5.0000,7.0000,0.0000,13.3375,4.0764,-9.6044,-24.4031,-1.6206},
				{0.0200,14.5648,-3.6277,17.1059,6.1299,10.3193,35.8495,15.2608,5.0000,7.0000,0.0000,13.4149,3.8699,-10.3221,-35.8844,-1.6407},
				{0.0200,14.5567,-3.7274,17.2330,6.3554,11.2739,47.7312,15.3608,5.0000,7.0000,0.0000,13.4878,3.6444,-11.2776,-47.7762,-1.6648},
				{0.0200,14.5459,-3.8268,17.3651,6.6049,12.4751,60.0572,15.4608,5.0000,7.0000,0.0000,13.5557,3.3948,-12.4800,-60.1159,-1.6933},
				{0.0200,14.5321,-3.9258,17.5028,6.8834,13.9245,72.4704,15.5608,5.0000,7.0000,0.0000,13.6180,3.1162,-13.9309,-72.5470,-1.7268},
				{0.0200,14.5147,-4.0243,17.6467,7.1954,15.6036,83.9559,15.6608,5.0000,7.0000,0.0000,13.6741,2.8039,-15.6120,-84.0551,-1.7659},
				{0.0200,14.4931,-4.1219,17.7976,7.5445,17.4522,92.4309,15.7608,5.0000,7.0000,0.0000,13.7231,2.4547,-17.4631,-92.5564,-1.8111},
				{0.0200,14.4668,-4.2184,17.9562,7.9312,19.3364,94.2057,15.8608,5.0000,7.0000,0.0000,13.7645,2.0677,-19.3503,-94.3581,-1.8632},
				{0.0200,14.4352,-4.3132,18.1232,8.3513,21.0063,83.4968,15.9608,5.0000,7.0000,0.0000,13.7974,1.6472,-21.0237,-83.6684,-1.9228},
				{0.0200,14.3977,-4.4059,18.2991,8.7925,22.0568,52.5232,16.0608,5.0000,7.0000,0.0000,13.8216,1.2056,-22.0775,-52.6914,-1.9903},
				{0.0200,14.3536,-4.4956,18.4837,9.2309,21.9216,-6.7584,16.1608,5.0000,7.0000,0.0000,13.8369,0.7668,-21.9447,6.6388,-2.0655},
				{0.0200,14.3026,-4.5816,18.6763,9.6301,19.9606,-98.0500,16.2608,5.0000,7.0000,0.0000,13.8442,0.3671,-19.9838,98.0469,-2.1479},
				{0.0200,14.2445,-4.6630,18.8752,9.9439,15.6908,-213.4882,16.3608,5.0000,7.0000,0.0000,13.8453,0.0529,-15.7095,213.7154,-2.2358},
				{0.0200,14.1793,-4.7387,19.0777,10.1264,9.1255,-328.2655,16.4608,5.0000,7.0000,0.0000,13.8479,0.1299,3.8507,978.0101,-2.3270},
				{0.0200,14.1074,-4.8082,19.2806,10.1468,1.0163,-405.4603,16.5608,5.0000,7.0000,0.0000,13.8509,0.1503,1.0176,-141.6567,-2.4186},
				{0.0200,14.0296,-4.8709,19.4806,10.0013,-7.2742,-414.5262,16.6608,5.0000,7.0000,0.0000,13.8510,0.0049,-7.2696,-414.3580,-2.5076},
				{0.0200,13.9466,-4.9267,19.6749,9.7152,-14.3052,-351.5501,16.7608,5.0000,7.0000,0.0000,13.8566,0.2819,13.8523,1056.0934,-2.5914},
				{0.0200,13.8594,-4.9756,19.8616,9.3322,-19.1469,-242.0862,16.8608,5.0000,7.0000,0.0000,13.8699,0.6653,19.1696,265.8649,-2.6685},
				{0.0200,13.7688,-5.0180,20.0396,8.8998,-21.6191,-123.6079,16.9608,5.0000,7.0000,0.0000,13.8919,1.0982,21.6425,123.6443,-2.7379},
				{0.0200,13.6757,-5.0543,20.2087,8.4575,-22.1165,-24.8714,17.0608,5.0000,7.0000,0.0000,13.9227,1.5409,22.1379,24.7722,-2.7994},
				{0.0200,13.5806,-5.0853,20.3694,8.0321,-21.2685,42.4037,17.1608,5.0000,7.0000,0.0000,13.9621,1.9666,21.2866,-42.5658,-2.8533},
				{0.0200,13.4841,-5.1114,20.5222,7.6387,-19.6717,79.8371,17.2608,5.0000,7.0000,0.0000,14.0093,2.3604,19.6864,-80.0112,-2.9002},
				{0.0200,13.3865,-5.1333,20.6678,7.2833,-17.7719,94.9925,17.3608,5.0000,7.0000,0.0000,14.0636,2.7160,17.7834,-95.1509,-2.9408},
				{0.0200,13.2882,-5.1515,20.8071,6.9662,-15.8520,95.9940,17.4608,5.0000,7.0000,0.0000,14.1242,3.0333,15.8609,-96.1263,-2.9758},
				{0.0200,13.1893,-5.1665,20.9408,6.6849,-14.0681,89.1921,17.5608,5.0000,7.0000,0.0000,14.1905,3.3148,14.0749,-89.2974,-3.0057},
				{0.0200,13.0901,-5.1787,21.0695,6.4350,-12.4924,78.7872,17.6608,5.0000,7.0000,0.0000,14.2618,3.5647,12.4975,-78.8688,-3.0312},
				{0.0200,12.9906,-5.1886,21.1938,6.2121,-11.1475,67.2463,17.7608,5.0000,7.0000,0.0000,14.3376,3.7877,11.1514,-67.3086,-3.0528},
				{0.0200,12.8909,-5.1966,21.3140,6.0115,-10.0303,55.8611,17.8608,5.0000,7.0000,0.0000,14.4174,3.9884,10.0332,-55.9086,-3.0708},
				{0.0200,12.7911,-5.2029,21.4306,5.8289,-9.1262,45.2030,17.9608,5.0000,7.0000,0.0000,14.5008,4.1710,9.1284,-45.2393,-3.0855},
				{0.0200,12.6912,-5.2079,21.5438,5.6606,-8.4176,35.4313,18.0608,5.0000,7.0000,0.0000,14.5876,4.3393,8.4192,-35.4594,-3.0973},
				{0.0200,12.5913,-5.2118,21.6539,5.5028,-7.8879,26.4818,18.1608,5.0000,7.0000,0.0000,14.6775,4.4971,7.8891,-26.5039,-3.1062},
				{0.0200,12.4914,-5.2150,21.7609,5.3523,-7.5245,18.1725,18.2608,5.0000,7.0000,0.0000,14.7705,4.6476,7.5253,-18.1905,-3.1125},
				{0.0200,12.3914,-5.2177,21.8650,5.2060,-7.3193,10.2572,18.3608,5.0000,7.0000,0.0000,14.8663,4.7940,7.3199,-10.2726,-3.1161},
				{0.0200,12.2914,-5.2202,21.9638,4.9385,-13.3722,-302.6414,18.4608,5.0000,7.0000,0.0000,14.9676,5.0615,13.3724,302.6273,-3.1150},
				{0.0200,12.1915,-5.2226,22.0651,5.0636,6.2566,981.4399,18.5608,5.0000,7.0000,0.0000,15.0663,4.9364,-6.2566,-981.4528,-3.1162},
				{0.0200,12.0915,-5.2248,22.1686,5.1782,5.7255,-26.5585,18.6608,5.0000,7.0000,0.0000,15.1627,4.8218,-5.7256,26.5495,-3.1193},
				{0.0200,11.9915,-5.2265,22.2747,5.3017,6.1758,22.5168,18.7608,5.0000,7.0000,0.0000,15.2567,4.6983,-6.1762,-22.5271,-3.1247},
				{0.0200,11.8915,-5.2277,22.3834,5.4357,6.7009,26.2529,18.8608,5.0000,7.0000,0.0000,15.3480,4.5643,-6.7015,-26.2658,-3.1324},
				{0.0200,11.7915,-5.2279,22.4950,5.5821,7.3224,31.0781,18.9608,5.0000,7.0000,0.0000,15.4363,4.4178,-7.3234,-31.0945,-3.1428},
				{0.0200,11.6915,-5.2269,22.6099,5.7434,8.0640,37.0798,19.0608,5.0000,7.0000,0.0000,15.5215,4.2565,-8.0654,-37.1010,-3.1560},
				{0.0200,11.5915,-5.2244,22.7283,5.9224,8.9511,44.3524,19.1608,5.0000,7.0000,0.0000,15.6030,4.0774,-8.9530,-44.3800,-3.1724},
				{0.0200,11.4916,-5.2202,22.8508,6.1226,10.0103,52.9611,19.2608,5.0000,7.0000,0.0000,15.6806,3.8772,-10.0130,-52.9975,-3.1924},
				{0.0200,11.3918,-5.2137,22.9778,6.3480,11.2678,62.8735,19.3608,5.0000,7.0000,0.0000,15.7536,3.6518,-11.2714,-62.9218,-3.2163},
				{0.0200,11.2923,-5.2046,23.1098,6.6029,12.7444,73.8346,19.4608,5.0000,7.0000,0.0000,15.8215,3.3968,-12.7494,-73.8987,-3.2448},
				{0.0200,11.1930,-5.1925,23.2477,6.8918,14.4475,85.1512,19.5608,5.0000,7.0000,0.0000,15.8837,3.1077,-14.4541,-85.2357,-3.2785},
				{0.0200,11.0943,-5.1767,23.3920,7.2189,16.3543,95.3418,19.6608,5.0000,7.0000,0.0000,15.9393,2.7804,-16.3631,-95.4515,-3.3179},
				{0.0200,10.9963,-5.1568,23.5438,7.5867,18.3868,101.6245,19.7608,5.0000,7.0000,0.0000,15.9875,2.4125,-18.3984,-101.7629,-3.3639},
				{0.0200,10.8994,-5.1320,23.7036,7.9941,20.3728,99.2979,19.8608,5.0000,7.0000,0.0000,16.0276,2.0047,-20.3876,-99.4633,-3.4172},
				{0.0200,10.8041,-5.1017,23.8723,8.4341,21.9990,81.3130,19.9608,5.0000,7.0000,0.0000,16.0589,1.5644,-22.0175,-81.4926,-3.4782},
				{0.0200,10.7110,-5.0653,24.0501,8.8896,22.7753,38.8163,20.0608,5.0000,7.0000,0.0000,16.0811,1.1084,-22.7970,-38.9751,-3.5474},
				{0.0200,10.6208,-5.0222,24.2367,9.3307,22.0555,-35.9912,20.1608,5.0000,7.0000,0.0000,16.0944,0.6668,-22.0785,35.9243,-3.6245},
				{0.0200,10.5344,-4.9720,24.4310,9.7144,19.1842,-143.5639,20.2608,5.0000,7.0000,0.0000,16.1001,0.2828,-19.2033,143.7611,-3.7083},
				{0.0200,10.4526,-4.9144,24.6308,9.9905,13.8053,-268.9481,20.3608,5.0000,7.0000,0.0000,16.1003,0.0113,-13.5766,281.3354,-3.7971},
				{0.0200,10.3764,-4.8498,24.8331,10.1150,6.2248,-379.0253,20.4608,5.0000,7.0000,0.0000,16.1027,0.1189,5.3849,948.0731,-3.8881},
				{0.0200,10.3063,-4.7785,25.0344,10.0659,-2.4550,-433.9866,20.5608,5.0000,7.0000,0.0000,16.1041,0.0703,-2.4309,-390.7884,-3.9782},
				{0.0200,10.2428,-4.7013,25.2315,9.8525,-10.6724,-410.8710,20.6608,5.0000,7.0000,0.0000,16.1070,0.1450,3.7336,308.2221,-4.0645},
				{0.0200,10.1859,-4.6191,25.4217,9.5110,-17.0712,-319.9394,20.7608,5.0000,7.0000,0.0000,16.1167,0.4865,17.0726,666.9513,-4.1448},
				{0.0200,10.1355,-4.5327,25.6035,9.0908,-21.0137,-197.1242,20.8608,5.0000,7.0000,0.0000,16.1349,0.9071,21.0332,198.0329,-4.2175},
				{0.0200,10.0911,-4.4431,25.7763,8.6383,-22.6245,-80.5401,20.9608,5.0000,7.0000,0.0000,16.1621,1.3600,22.6458,80.6255,-4.2822},
				{0.0200,10.0523,-4.3510,25.9401,8.1886,-22.4810,7.1737,21.0608,5.0000,7.0000,0.0000,16.1983,1.8100,22.5003,-7.2721,-4.3389},
				{0.0200,10.0184,-4.2569,26.0953,7.7634,-21.2599,61.0524,21.1608,5.0000,7.0000,0.0000,16.2430,2.2356,21.2761,-61.2105,-4.3881},
				{0.0200,9.9888,-4.1614,26.2428,7.3730,-19.5249,86.7521,21.2608,5.0000,7.0000,0.0000,16.2955,2.6263,19.5378,-86.9150,-4.4303},
				{0.0200,9.9629,-4.0648,26.3832,7.0197,-17.6631,93.0914,21.3608,5.0000,7.0000,0.0000,16.3551,2.9798,17.6731,-93.2352,-4.4662},
				{0.0200,9.9403,-3.9674,26.5172,6.7016,-15.9058,87.8647,21.4608,5.0000,7.0000,0.0000,16.4211,3.2980,15.9134,-87.9825,-4.4965},
				{0.0200,9.9204,-3.8694,26.6455,6.4141,-14.3750,76.5374,21.5608,5.0000,7.0000,0.0000,16.4928,3.5857,14.3808,-76.6301,-4.5216},
				{0.0200,9.9027,-3.7710,26.7685,6.1515,-13.1272,62.3903,21.6608,5.0000,7.0000,0.0000,16.5697,3.8483,13.1316,-62.4621,-4.5421},
				{0.0200,9.8867,-3.6723,26.8867,5.9078,-12.1854,47.0905,21.7608,5.0000,7.0000,0.0000,16.6516,4.0921,12.1887,-47.1461,-4.5582},
				{0.0200,9.8722,-3.5734,27.0002,5.6766,-11.5610,31.2216,21.8608,5.0000,7.0000,0.0000,16.7381,4.3233,11.5634,-31.2656,-4.5702},
				{0.0200,9.8587,-3.4743,27.1093,5.4512,-11.2682,14.6392,21.9608,5.0000,7.0000,0.0000,16.8290,4.5487,11.2699,-14.6757,-4.5783},
				{0.0200,9.8458,-3.3751,27.2137,5.2245,-11.3353,-3.3570,22.0608,5.0000,7.0000,0.0000,16.9245,4.7755,11.3363,3.3241,-4.5823},
				{0.0200,9.8331,-3.2759,27.3148,5.0542,-8.5172,140.9047,22.1608,5.0000,7.0000,0.0000,17.0235,4.9458,8.5176,-140.9385,-4.5832},
				{0.0200,9.8206,-3.1767,27.4189,5.2018,7.3799,794.8591,22.2608,5.0000,7.0000,0.0000,17.1194,4.7982,-7.3802,-794.8882,-4.5868},
				{0.0200,9.8086,-3.0774,27.5266,5.3869,9.2553,93.7655,22.3608,5.0000,7.0000,0.0000,17.2117,4.6131,-9.2560,-93.7882,-4.5937},
				{0.0200,9.7974,-2.9781,27.6380,5.5689,9.1015,-7.6867,22.4608,5.0000,7.0000,0.0000,17.3003,4.4310,-9.1027,7.6654,-4.6038},
				{0.0200,9.7874,-2.8786,27.7530,5.7523,9.1694,3.3923,22.5608,5.0000,7.0000,0.0000,17.3853,4.2476,-9.1709,-3.4146,-4.6172},
				{0.0200,9.7790,-2.7789,27.8718,5.9410,9.4324,13.1495,22.6608,5.0000,7.0000,0.0000,17.4664,4.0589,-9.4344,-13.1748,-4.6339},
				{0.0200,9.7723,-2.6791,27.9946,6.1384,9.8710,21.9299,22.7608,5.0000,7.0000,0.0000,17.5437,3.8615,-9.8736,-21.9597,-4.6541},
				{0.0200,9.7679,-2.5793,28.1216,6.3477,10.4673,29.8192,22.8608,5.0000,7.0000,0.0000,17.6167,3.6520,-10.4707,-29.8553,-4.6781},
				{0.0200,9.7660,-2.4793,28.2530,6.5717,11.1997,36.6186,22.9608,5.0000,7.0000,0.0000,17.6853,3.4280,-11.2040,-36.6623,-4.7060},
				{0.0200,9.7672,-2.3793,28.3892,6.8124,12.0353,41.7790,23.0608,5.0000,7.0000,0.0000,17.7490,3.1871,-12.0406,-41.8315,-4.7383},
				{0.0200,9.7718,-2.2794,28.5307,7.0708,12.9214,44.3076,23.1608,5.0000,7.0000,0.0000,17.8076,2.9286,-12.9280,-44.3695,-4.7751},
				{0.0200,9.7803,-2.1798,28.6776,7.3463,13.7750,42.6782,23.2608,5.0000,7.0000,0.0000,17.8606,2.6529,-13.7830,-42.7479,-4.8168},
				{0.0200,9.7932,-2.0806,28.8303,7.6358,14.4713,34.8126,23.3608,5.0000,7.0000,0.0000,17.9079,2.3633,-14.4807,-34.8860,-4.8637},
				{0.0200,9.8110,-1.9822,28.9890,7.9325,14.8366,18.2691,23.4608,5.0000,7.0000,0.0000,17.9492,2.0664,-14.8474,-18.3371,-4.9158},
				{0.0200,9.8342,-1.8850,29.1535,8.2256,14.6530,-9.1844,23.5608,5.0000,7.0000,0.0000,17.9847,1.7731,-14.6647,9.1363,-4.9732},
				{0.0200,9.8632,-1.7893,29.3235,8.4992,13.6838,-48.4562,23.6608,5.0000,7.0000,0.0000,18.0147,1.4992,-13.6957,48.4479,-5.0354},
				{0.0200,9.8982,-1.6956,29.4981,8.7339,11.7320,-97.5899,23.7608,5.0000,7.0000,0.0000,18.0400,1.2643,-11.7429,97.6420,-5.1018},
				{0.0200,9.9395,-1.6046,29.6763,8.9083,8.7229,-150.4577,23.8608,5.0000,7.0000,0.0000,18.0617,1.0897,-8.7313,150.5828,-5.1714},
				{0.0200,9.9872,-1.5167,29.8564,9.0040,4.7843,-196.9267,23.9608,5.0000,7.0000,0.0000,18.0816,0.9939,-4.7889,197.1177,-5.2426},
				{0.0200,10.0410,-1.4324,30.0366,9.0095,0.2738,-225.5290,24.0608,5.0000,7.0000,0.0000,18.1014,0.9884,-0.2738,225.7565,-5.3139},
				{0.0200,10.1006,-1.3521,30.2150,8.9237,-4.2881,-228.0910,24.1608,5.0000,7.0000,0.0000,18.1229,1.0743,4.2925,228.3156,-5.3837},
				{0.0200,10.1655,-1.2761,30.3902,8.7565,-8.3623,-203.7102,24.2608,5.0000,7.0000,0.0000,18.1477,1.2417,8.3705,203.8969,-5.4505},
				{0.0200,10.2353,-1.2045,30.5607,8.5256,-11.5468,-159.2276,24.3608,5.0000,7.0000,0.0000,18.1772,1.4728,11.5575,159.3529,-5.5132},
				{0.0200,10.3092,-1.1372,30.7257,8.2523,-13.6634,-105.8299,24.4608,5.0000,7.0000,0.0000,18.2121,1.7463,13.6753,105.8860,-5.5710},
				{0.0200,10.3868,-1.0741,30.8849,7.9573,-14.7489,-54.2758,24.5608,5.0000,7.0000,0.0000,18.2529,2.0416,14.7607,54.2716,-5.6236},
				{0.0200,10.4674,-1.0149,31.0380,7.6577,-14.9820,-11.6542,24.6608,5.0000,7.0000,0.0000,18.2998,2.3414,14.9929,11.6082,-5.6709},
				{0.0200,10.5505,-0.9594,31.1853,7.3657,-14.5964,19.2826,24.7608,5.0000,7.0000,0.0000,18.3524,2.6335,14.6058,-19.3509,-5.7129},
				{0.0200,10.6358,-0.9072,31.3271,7.0894,-13.8161,39.0148,24.8608,5.0000,7.0000,0.0000,18.4106,2.9100,13.8240,-39.0900,-5.7501},
				{0.0200,10.7229,-0.8580,31.4638,6.8330,-12.8225,49.6767,24.9608,5.0000,7.0000,0.0000,18.4740,3.1666,12.8291,-49.7491,-5.7827},
				{0.0200,10.8114,-0.8115,31.5958,6.5981,-11.7461,53.8195,25.0608,5.0000,7.0000,0.0000,18.5420,3.4016,11.7514,-53.8840,-5.8111},
				{0.0200,10.9011,-0.7673,31.7234,6.3846,-10.6716,53.7266,25.1608,5.0000,7.0000,0.0000,18.6143,3.6151,10.6757,-53.7814,-5.8357},
				{0.0200,10.9918,-0.7253,31.8473,6.1917,-9.6483,51.1632,25.2608,5.0000,7.0000,0.0000,18.6905,3.8082,9.6516,-51.2084,-5.8569},
				{0.0200,11.0834,-0.6850,31.9676,6.0176,-8.7009,47.3717,25.3608,5.0000,7.0000,0.0000,18.7701,3.9822,8.7034,-47.4083,-5.8750},
				{0.0200,11.1755,-0.6462,32.0849,5.8609,-7.8375,43.1680,25.4608,5.0000,7.0000,0.0000,18.8529,4.1390,7.8395,-43.1973,-5.8903},
				{0.0200,11.2683,-0.6087,32.1992,5.7198,-7.0564,39.0567,25.5608,5.0000,7.0000,0.0000,18.9385,4.2802,7.0579,-39.0800,-5.9031},
				{0.0200,11.3614,-0.5723,32.3111,5.5928,-6.3498,35.3324,25.6608,5.0000,7.0000,0.0000,19.0266,4.4072,6.3509,-35.3507,-5.9136},
				{0.0200,11.4549,-0.5368,32.4207,5.4786,-5.7067,32.1552,25.7608,5.0000,7.0000,0.0000,19.1171,4.5213,5.7075,-32.1697,-5.9222},
				{0.0200,11.5486,-0.5020,32.5282,5.3763,-5.1146,29.6041,25.8608,5.0000,7.0000,0.0000,19.2095,4.6236,5.1152,-29.6155,-5.9288},
				{0.0200,11.6426,-0.4678,32.6339,5.2851,-4.5604,27.7104,25.9608,5.0000,7.0000,0.0000,19.3038,4.7149,4.5608,-27.7193,-5.9339},
				{0.0200,11.7367,-0.4339,32.7380,5.2045,-4.0308,26.4792,26.0608,5.0000,7.0000,0.0000,19.3997,4.7955,4.0310,-26.4860,-5.9375},
				{0.0200,11.8309,-0.4004,32.8407,5.1343,-3.5128,25.9003,26.1608,5.0000,7.0000,0.0000,19.4971,4.8657,3.5129,-25.9055,-5.9399},
				{0.0200,11.9252,-0.3670,32.9422,5.0744,-2.9937,25.9535,26.2608,5.0000,7.0000,0.0000,19.5956,4.9256,2.9938,-25.9572,-5.9413},
				{0.0200,12.0195,-0.3337,33.0427,5.0252,-2.4615,26.6082,26.3608,5.0000,7.0000,0.0000,19.6951,4.9748,2.4616,-26.6107,-5.9417},
				{0.0200,12.1138,-0.3005,33.1433,5.0319,0.3368,139.9194,26.4608,5.0000,7.0000,0.0000,19.7944,4.9681,-0.3368,-139.9211,-5.9423},
				{0.0200,12.2108,-0.2664,33.2484,5.2524,11.0259,534.4513,26.5636,5.1400,7.0000,0.0000,19.8950,5.0276,2.9741,165.5449,-5.9443},
				{0.0200,12.3105,-0.2317,33.3578,5.4747,11.1141,4.4124,26.6692,5.2800,7.0000,0.0000,19.9967,5.0853,2.8857,-4.4173,-5.9477},
				{0.0200,12.4130,-0.1964,33.4718,5.6976,11.1445,1.5179,26.7776,5.4200,7.0000,0.0000,20.0995,5.1424,2.8552,-1.5233,-5.9527},
				{0.0200,12.5184,-0.1609,33.5902,5.9206,11.1517,0.3600,26.8888,5.5600,7.0000,0.0000,20.2035,5.1994,2.8479,-0.3658,-5.9591},
				{0.0200,12.6266,-0.1252,33.7131,6.1433,11.1325,-0.9612,27.0028,5.7000,7.0000,0.0000,20.3087,5.2567,2.8670,0.9552,-5.9670},
				{0.0200,12.7379,-0.0897,33.8404,6.3649,11.0829,-2.4785,27.1196,5.8400,7.0000,0.0000,20.4150,5.3150,2.9165,2.4724,-5.9763},
				{0.0200,12.8522,-0.0544,33.9721,6.5849,10.9985,-4.2191,27.2392,5.9800,7.0000,0.0000,20.5225,5.3751,3.0007,4.2132,-5.9870},
				{0.0200,12.9695,-0.0196,34.1081,6.8024,10.8745,-6.2012,27.3616,6.1200,7.0000,0.0000,20.6312,5.4375,3.1247,6.1958,-5.9992},
				{0.0200,13.0900,0.0144,34.2485,7.0165,10.7059,-8.4299,27.4868,6.2600,7.0000,0.0000,20.7413,5.5034,3.2932,8.4252,-6.0126},
				{0.0200,13.2137,0.0474,34.3930,7.2263,10.4880,-10.8932,27.6148,6.4000,7.0000,0.0000,20.8527,5.5736,3.5109,10.8896,-6.0273},
				{0.0200,13.3405,0.0793,34.5416,7.4306,10.2168,-13.5588,27.7456,6.5400,7.0000,0.0000,20.9657,5.6493,3.7821,13.5568,-6.0431},
				{0.0200,13.4706,0.1097,34.6942,7.6284,9.8894,-16.3717,27.8792,6.6800,7.0000,0.0000,21.0804,5.7315,4.1095,16.3715,-6.0600},
				{0.0200,13.6040,0.1384,34.8505,7.8185,9.5043,-19.2536,28.0156,6.8200,7.0000,0.0000,21.1968,5.8214,4.4946,19.2556,-6.0778},
				{0.0200,13.7406,0.1652,35.0105,7.9997,9.0622,-22.1057,28.1548,6.9600,7.0000,0.0000,21.3152,5.9201,4.9368,22.1101,-6.0962},
				{0.0200,13.8784,0.1896,35.1716,8.0559,2.8108,-312.5720,28.2948,7.0000,7.0000,0.0000,21.4341,5.9439,1.1888,-187.3989,-6.1150},
				{0.0200,14.0167,0.2115,35.3327,8.0555,-0.0220,-141.6412,28.4348,7.0000,7.0000,0.0000,21.5530,5.9443,0.0221,-58.3399,-6.1338},
				{0.0200,14.1554,0.2307,35.4936,8.0448,-0.5364,-25.7178,28.5748,7.0000,7.0000,0.0000,21.6721,5.9550,0.5366,25.7277,-6.1524},
				{0.0200,14.2944,0.2474,35.6541,8.0243,-1.0225,-24.3043,28.7148,7.0000,7.0000,0.0000,21.7916,5.9755,1.0229,24.3134,-6.1706},
				{0.0200,14.4337,0.2616,35.8140,7.9948,-1.4751,-22.6313,28.8548,7.0000,7.0000,0.0000,21.9117,6.0050,1.4757,22.6393,-6.1883},
				{0.0200,14.5732,0.2734,35.9732,7.9570,-1.8902,-20.7560,28.9948,7.0000,7.0000,0.0000,22.0325,6.0428,1.8909,20.7625,-6.2053},
				{0.0200,14.7128,0.2828,36.1314,7.9117,-2.2651,-18.7455,29.1348,7.0000,7.0000,0.0000,22.1543,6.0881,2.2659,18.7505,-6.2215},
				{0.0200,14.8526,0.2901,36.2886,7.8597,-2.5985,-16.6703,29.2748,7.0000,7.0000,0.0000,22.2771,6.1401,2.5994,16.6737,-6.2368},
				{0.0200,14.9925,0.2952,36.4446,7.8019,-2.8905,-14.5978,29.4148,7.0000,7.0000,0.0000,22.4010,6.1980,2.8914,14.5996,-6.2510},
				{0.0200,15.1325,0.2985,36.5994,7.7391,-3.1422,-12.5874,29.5548,7.0000,7.0000,0.0000,22.5263,6.2608,3.1431,12.5877,-6.2642},
				{0.0200,15.2725,0.3000,36.7529,7.6720,-3.3560,-10.6870,29.6948,7.0000,7.0000,0.0000,22.6528,6.3280,3.3569,10.6861,-6.2761},
				{0.0200,15.4125,0.2999,36.9049,7.6013,-3.5346,-8.9317,29.8348,7.0000,7.0000,0.0000,22.7808,6.3987,3.5355,8.9295,-6.2868},
				{0.0200,15.5525,0.2984,37.0554,7.5276,-3.6815,-7.3426,29.9748,7.0000,7.0000,0.0000,22.9102,6.4723,3.6822,7.3394,-6.2962},
				{0.0200,15.6925,0.2957,37.2045,7.4516,-3.8000,-5.9285,30.1148,7.0000,7.0000,0.0000,23.0412,6.5483,3.8007,5.9245,-6.3042},
				{0.0200,15.8324,0.2920,37.3519,7.3738,-3.8938,-4.6867,30.2548,7.0000,7.0000,0.0000,23.1737,6.6262,3.8944,4.6820,-6.3109},
				{0.0200,15.9723,0.2874,37.4978,7.2944,-3.9659,-3.6053,30.3948,7.0000,7.0000,0.0000,23.3078,6.7055,3.9664,3.6002,-6.3161},
				{0.0200,16.1122,0.2822,37.6421,7.2141,-4.0192,-2.6649,30.5348,7.0000,7.0000,0.0000,23.4436,6.7859,4.0196,2.6594,-6.3199},
				{0.0200,16.2521,0.2766,37.7848,7.1329,-4.0560,-1.8404,30.6748,7.0000,7.0000,0.0000,23.5809,6.8671,4.0563,1.8345,-6.3223},
				{0.0200,16.3920,0.2708,37.9258,7.0514,-4.0780,-1.1025,30.8148,7.0000,7.0000,0.0000,23.7199,6.9486,4.0782,1.0965,-6.3232},
				{0.0200,16.5319,0.2649,38.0652,6.9696,-4.0864,-0.4194,30.9548,7.0000,7.0000,0.0000,23.8605,7.0304,4.0864,0.4133,-6.3226},
				{0.0200,16.6718,0.2592,38.2029,6.8880,-4.0816,0.2424,31.0948,7.0000,7.0000,0.0000,24.0027,7.1120,4.0815,-0.2485,-6.3206},
				{0.0200,16.8117,0.2538,38.3391,6.8067,-4.0632,0.9168,31.2348,7.0000,7.0000,0.0000,24.1466,7.1932,4.0630,-0.9229,-6.3172},
				{0.0200,16.9516,0.2491,38.4736,6.7261,-4.0305,1.6376,31.3748,7.0000,7.0000,0.0000,24.2921,7.2738,4.0301,-1.6435,-6.3123},
				{0.0200,17.0915,0.2451,38.6065,6.6465,-3.9817,2.4372,31.5148,7.0000,7.0000,0.0000,24.4391,7.3535,3.9813,-2.4429,-6.3061},
				{0.0200,17.2315,0.2421,38.7379,6.5682,-3.9148,3.3456,31.6548,7.0000,7.0000,0.0000,24.5878,7.4318,3.9143,-3.3509,-6.2984},
				{0.0200,17.3715,0.2403,38.8677,6.4917,-3.8271,4.3891,31.7948,7.0000,7.0000,0.0000,24.7379,7.5083,3.8264,-4.3939,-6.2893},
				{0.0200,17.5115,0.2399,38.9961,6.4174,-3.7153,5.5887,31.9348,7.0000,7.0000,0.0000,24.8896,7.5826,3.7145,-5.5929,-6.2790},
				{0.0200,17.6515,0.2410,39.1230,6.3458,-3.5761,6.9586,32.0748,7.0000,7.0000,0.0000,25.0427,7.6541,3.5753,-6.9620,-6.2674},
				{0.0200,17.7915,0.2437,39.2485,6.2777,-3.4060,8.5040,32.2148,7.0000,7.0000,0.0000,25.1971,7.7222,3.4052,-8.5065,-6.2545},
				{0.0200,17.9314,0.2484,39.3728,6.2137,-3.2016,10.2193,32.3548,7.0000,7.0000,0.0000,25.3528,7.7862,3.2008,-10.2206,-6.2405},
				{0.0200,18.0712,0.2551,39.4959,6.1545,-2.9599,12.0864,32.4948,7.0000,7.0000,0.0000,25.5097,7.8454,2.9590,-12.0864,-6.2255},
				{0.0200,18.2109,0.2640,39.6179,6.1009,-2.6784,14.0740,32.6348,7.0000,7.0000,0.0000,25.6677,7.8989,2.6776,-14.0726,-6.2095},
				{0.0200,18.3505,0.2752,39.7390,6.0538,-2.3557,16.1374,32.7748,7.0000,7.0000,0.0000,25.8266,7.9460,2.3549,-16.1344,-6.1927},
				{0.0200,18.4898,0.2887,39.8593,6.0140,-1.9913,18.2197,32.9148,7.0000,7.0000,0.0000,25.9864,7.9858,1.9906,-18.2151,-6.1752},
				{0.0200,18.6289,0.3048,39.9789,5.9823,-1.5862,20.2551,33.0548,7.0000,7.0000,0.0000,26.1467,8.0176,1.5856,-20.2490,-6.1571},
				{0.0200,18.7677,0.3233,40.0981,5.9594,-1.1427,22.1733,33.1948,7.0000,7.0000,0.0000,26.3075,8.0404,1.1423,-22.1657,-6.1386},
				{0.0200,18.9060,0.3445,40.2170,5.9461,-0.6646,23.9055,33.3348,7.0000,7.0000,0.0000,26.4686,8.0537,0.6644,-23.8967,-6.1199},
				{0.0200,19.0440,0.3683,40.3359,5.9430,-0.1568,25.3913,33.4748,7.0000,7.0000,0.0000,26.6297,8.0568,0.1567,-25.3815,-6.1011},
				{0.0200,19.1815,0.3946,40.4549,5.9505,0.3749,26.5856,33.6148,7.0000,7.0000,0.0000,26.7907,8.0493,-0.3748,-26.5753,-6.0824},
				{0.0200,19.3185,0.4235,40.5743,5.9690,0.9242,27.4647,33.7548,7.0000,7.0000,0.0000,26.9513,8.0309,-0.9239,-27.4543,-6.0641},
				{0.0200,19.4549,0.4548,40.6943,5.9987,1.4848,28.0310,33.8948,7.0000,7.0000,0.0000,27.1114,8.0012,-1.4843,-28.0210,-6.0463},
				{0.0200,19.5908,0.4886,40.8151,6.0397,2.0511,28.3145,34.0348,7.0000,7.0000,0.0000,27.2706,7.9602,-2.0504,-28.3052,-6.0292},
				{0.0200,19.7261,0.5245,40.9369,6.0920,2.6186,28.3723,34.1748,7.0000,7.0000,0.0000,27.4287,7.9078,-2.6177,-28.3643,-6.0131},
				{0.0200,19.8608,0.5626,41.0600,6.1557,3.1843,28.2856,34.3148,7.0000,7.0000,0.0000,27.5856,7.8441,-3.1833,-28.2793,-5.9981},
				{0.0200,19.9950,0.6027,41.1846,6.2307,3.7474,28.1550,34.4548,7.0000,7.0000,0.0000,27.7410,7.7692,-3.7463,-28.1507,-5.9844},
				{0.0200,20.1286,0.6444,41.3110,6.3169,4.3093,28.0940,34.5948,7.0000,7.0000,0.0000,27.8946,7.6831,-4.3081,-28.0920,-5.9722},
				{0.0200,20.2618,0.6877,41.4392,6.4143,4.8737,28.2233,34.7348,7.0000,7.0000,0.0000,28.0464,7.5856,-4.8726,-28.2240,-5.9618},
				{0.0200,20.3945,0.7322,41.5697,6.5233,5.4470,28.6651,34.8748,7.0000,7.0000,0.0000,28.1959,7.4767,-5.4460,-28.6688,-5.9534},
				{0.0200,20.5269,0.7777,41.7026,6.6440,6.0378,29.5377,35.0148,7.0000,7.0000,0.0000,28.3430,7.3559,-6.0369,-29.5447,-5.9470},
				{0.0200,20.6591,0.8239,41.8381,6.7772,6.6568,30.9511,35.1548,7.0000,7.0000,0.0000,28.4875,7.2228,-6.6561,-30.9619,-5.9431},
				{0.0200,20.7911,0.8704,41.9766,6.9235,7.3164,32.9776,35.2948,7.0000,7.0000,0.0000,28.6290,7.0765,-7.3160,-32.9928,-5.9417},
				{0.0200,20.9231,0.9170,42.1153,6.9359,0.6188,-334.8767,35.4348,7.0000,7.0000,0.0000,28.7703,7.0641,-0.6188,334.8575,-5.9406},
				{0.0200,21.0550,0.9640,42.2511,6.7909,-7.2480,-393.3429,35.5748,7.0000,7.0000,0.0000,28.9145,7.2091,7.2477,393.3239,-5.9368},
				{0.0200,21.1866,1.0116,42.3835,6.6173,-8.6822,-71.7103,35.7148,7.0000,7.0000,0.0000,29.0621,7.3827,8.6813,71.6813,-5.9300},
				{0.0200,21.3179,1.0604,42.5117,6.4123,-10.2462,-78.1983,35.8548,7.0000,7.0000,0.0000,29.2139,7.5876,10.2444,78.1543,-5.9196},
				{0.0200,21.4485,1.1108,42.6352,6.1713,-12.0541,-90.3942,35.9948,7.0000,7.0000,0.0000,29.3704,7.8286,12.0510,90.3289,-5.9049},
				{0.0200,21.5782,1.1635,42.7529,5.8865,-14.2370,-109.1465,36.1348,7.0000,7.0000,0.0000,29.5327,8.1133,14.2320,109.0498,-5.8851},
				{0.0200,21.7067,1.2191,42.8638,5.5476,-16.9475,-135.5220,36.2748,7.0000,7.0000,0.0000,29.7017,8.4520,16.9395,135.3774,-5.8593},
				{0.0200,21.8335,1.2784,42.9667,5.1404,-20.3581,-170.5312,36.4148,7.0000,7.0000,0.0000,29.8789,8.8590,20.3458,170.3129,-5.8262},
				{0.0200,21.9580,1.3424,43.0596,4.6475,-24.6434,-214.2652,36.5548,7.0000,7.0000,0.0000,30.0660,9.3514,24.6244,213.9345,-5.7844},
				{0.0200,22.0793,1.4122,43.1406,4.0492,-29.9177,-263.7152,36.6948,7.0000,7.0000,0.0000,30.2649,9.9492,29.8888,263.2186,-5.7319},
				{0.0200,22.1964,1.4890,43.2071,3.3276,-36.0772,-307.9769,36.8348,7.0000,7.0000,0.0000,30.4783,10.6699,36.0339,307.2557,-5.6667},
				{0.0200,22.3075,1.5740,43.2567,2.4783,-42.4667,-319.4712,36.9748,7.0000,7.0000,0.0000,30.7087,11.5180,42.4041,318.5090,-5.5863},
				{0.0200,22.4107,1.6686,43.2873,1.5316,-47.3335,-243.3400,37.1148,7.0000,7.0000,0.0000,30.9580,12.4630,47.2502,242.3053,-5.4891},
				{0.0200,22.5033,1.7735,43.2990,0.5845,-47.3584,-1.2463,37.2548,7.0000,7.0000,0.0000,31.2261,13.4084,47.2697,0.9765,-5.3750},
				{0.0200,22.5825,1.8888,43.3027,0.1855,-19.9483,1370.5048,37.3948,7.0000,7.0000,0.0000,31.5096,14.1747,38.3142,-447.7768,-5.2473},
				{0.0200,22.6459,2.0135,43.3139,0.5570,18.5746,1926.1461,37.5348,7.0000,7.0000,0.0000,31.8005,14.5462,18.5755,-986.9349,-5.1129},
				{0.0200,22.6920,2.1456,43.3220,0.4058,-7.5623,-1306.8486,37.6748,7.0000,7.0000,0.0000,32.0884,14.3955,-7.5357,-1305.5623,-4.9813},
				{0.0200,22.7211,2.2824,43.3262,0.2112,-9.7267,-108.2185,37.8148,7.0000,7.0000,0.0000,32.3641,13.7804,-30.7540,-1160.9117,-4.8606},
				{0.0200,22.7346,2.4217,43.3481,1.0964,44.2611,2699.3911,37.9548,7.0000,7.0000,0.0000,32.6220,12.8971,-44.1622,-670.4142,-4.7557},
				{0.0200,22.7346,2.5617,43.3891,2.0471,47.5308,163.4829,38.0948,7.0000,7.0000,0.0000,32.8610,11.9484,-47.4357,-163.6748,-4.6676},
				{0.0200,22.7234,2.7012,43.4478,2.9346,44.3793,-157.5731,38.2348,7.0000,7.0000,0.0000,33.0822,11.0623,-44.3056,156.5096,-4.5954},
				{0.0200,22.7032,2.8397,43.5219,3.7077,38.6518,-286.3749,38.3748,7.0000,7.0000,0.0000,33.2880,10.2903,-38.5994,285.3055,-4.5368},
				{0.0200,22.6757,2.9770,43.6092,4.3616,32.6947,-297.8551,38.5148,7.0000,7.0000,0.0000,33.4808,9.6371,-32.6590,297.0206,-4.4899},
				{0.0200,22.6425,3.1130,43.7074,4.9125,27.5464,-257.4147,38.6548,7.0000,7.0000,0.0000,33.6625,9.0867,-27.5225,256.8277,-4.4528},
				{0.0200,22.6048,3.2478,43.8151,5.3829,23.5193,-201.3544,38.7948,7.0000,7.0000,0.0000,33.8348,8.6166,-23.5033,200.9580,-4.4241},
				{0.0200,22.5638,3.3816,43.9310,5.7954,20.6235,-144.7937,38.9348,7.0000,7.0000,0.0000,33.9989,8.2044,-20.6128,144.5276,-4.4027},
				{0.0200,22.5204,3.5147,44.0544,6.1712,18.7919,-91.5792,39.0748,7.0000,7.0000,0.0000,34.1555,7.8287,-18.7849,91.3955,-4.3879},
				{0.0200,22.4754,3.6473,44.1850,6.5310,17.9895,-40.1203,39.2148,7.0000,7.0000,0.0000,34.3049,7.4690,-17.9852,39.9836,-4.3796},
				{0.0200,22.4298,3.7797,44.3226,6.8777,17.3357,-32.6873,39.3548,7.0000,7.0000,0.0000,34.4473,7.1223,-17.3338,32.5685,-4.3774},
				{0.0200,22.3838,3.9119,44.4575,6.7461,-6.5778,-1195.6746,39.4948,7.0000,7.0000,0.0000,34.5924,7.2538,6.5773,1195.5550,-4.3729},
				{0.0200,22.3368,4.0438,44.5856,6.4063,-16.9915,-520.6883,39.6348,7.0000,7.0000,0.0000,34.7443,7.5936,16.9889,520.5805,-4.3624},
				{0.0200,22.2881,4.1750,44.7068,6.0588,-17.3781,-19.3260,39.7748,7.0000,7.0000,0.0000,34.9031,7.9411,17.3732,19.2137,-4.3456},
				{0.0200,22.2367,4.3053,44.8204,5.6800,-18.9357,-77.8842,39.9148,7.0000,7.0000,0.0000,35.0695,8.3196,18.9279,77.7367,-4.3222},
				{0.0200,22.1818,4.4340,44.9253,5.2452,-21.7432,-140.3749,40.0548,7.0000,7.0000,0.0000,35.2446,8.7543,21.7310,140.1559,-4.2910},
				{0.0200,22.1224,4.5608,45.0198,4.7247,-26.0218,-213.9288,40.1948,7.0000,7.0000,0.0000,35.4300,9.2743,26.0027,213.5835,-4.2505},
				{0.0200,22.0572,4.6846,45.1015,4.0829,-32.0929,-303.5531,40.3348,7.0000,7.0000,0.0000,35.6284,9.9156,32.0626,302.9949,-4.1987},
				{0.0200,21.9848,4.8045,45.1670,3.2779,-40.2479,-407.7531,40.4748,7.0000,7.0000,0.0000,35.8428,10.7196,40.1997,406.8537,-4.1325},
				{0.0200,21.9037,4.9185,45.2124,2.2710,-50.3478,-504.9909,40.6148,7.0000,7.0000,0.0000,36.0773,11.7250,50.2720,503.6152,-4.0484},
				{0.0200,21.8122,5.0244,45.2335,1.0548,-60.8103,-523.1273,40.7548,7.0000,7.0000,0.0000,36.3360,12.9390,60.7016,521.4791,-3.9428},
				{0.0200,21.7089,5.1188,45.2392,0.2841,-38.5346,1113.7873,40.8948,7.0000,7.0000,0.0000,36.6215,14.2727,66.6836,299.1000,-3.8133},
				{0.0200,21.5935,5.1978,45.2686,1.4708,59.3352,4893.4901,41.0348,7.0000,7.0000,0.0000,36.9306,15.4572,59.2262,-372.8679,-3.6627},
				{0.0200,21.4671,5.2577,45.3103,2.0818,30.5509,-1439.2183,41.1748,7.0000,7.0000,0.0000,37.2520,16.0664,30.4603,-1438.2938,-3.5012},
				{0.0200,21.3328,5.2967,45.3464,1.8088,-13.6488,-2209.9831,41.3148,7.0000,7.0000,0.0000,37.5678,15.7944,-13.5993,-2202.9798,-3.3446},
				{0.0200,21.1942,5.3154,45.3618,0.7673,-52.0745,-1921.2838,41.4548,7.0000,7.0000,0.0000,37.8630,14.7562,-51.9129,-1915.6827,-3.2065},
				{0.0200,21.0543,5.3165,45.3743,0.6231,-7.2120,2243.1246,41.5948,7.0000,7.0000,0.0000,38.1304,13.3694,-69.3388,-871.2945,-3.0931},
				{0.0200,20.9149,5.3036,45.4141,1.9931,68.5027,3785.7355,41.7348,7.0000,7.0000,0.0000,38.3704,12.0022,-68.3587,49.0070,-3.0041},
				{0.0200,20.7770,5.2798,45.4775,3.1711,58.8956,-480.3574,41.8748,7.0000,7.0000,0.0000,38.5869,10.8262,-58.7996,477.9525,-2.9360},
				{0.0200,20.6407,5.2478,45.5601,4.1268,47.7868,-555.4388,42.0148,7.0000,7.0000,0.0000,38.7844,9.8717,-47.7278,553.5902,-2.8850},
				{0.0200,20.5059,5.2099,45.6579,4.8889,38.1063,-484.0251,42.1548,7.0000,7.0000,0.0000,38.9666,9.1103,-38.0714,482.8233,-2.8474},
				{0.0200,20.3724,5.1677,45.7678,5.4983,30.4680,-381.9183,42.2948,7.0000,7.0000,0.0000,39.1366,8.5013,-30.4477,381.1829,-2.8207},
				{0.0200,20.2399,5.1226,45.8876,5.9906,24.6171,-292.5438,42.4348,7.0000,7.0000,0.0000,39.2968,8.0092,-24.6057,292.0997,-2.8028},
				{0.0200,20.1081,5.0756,46.0155,6.3923,20.0839,-226.6588,42.5748,7.0000,7.0000,0.0000,39.4489,7.6076,-20.0779,226.3890,-2.7920},
				{0.0200,19.9766,5.0275,46.1499,6.7203,16.4017,-184.1122,42.7148,7.0000,7.0000,0.0000,39.5945,7.2797,-16.3990,183.9474,-2.7870},
				{0.0200,19.8452,4.9792,46.2895,6.9834,13.1530,-162.4340,42.8548,7.0000,7.0000,0.0000,39.7349,7.0166,-13.1523,162.3360,-2.7867},
				{0.0200,19.7137,4.9310,46.4332,7.1827,9.9645,-159.4244,42.9948,7.0000,7.0000,0.0000,39.8712,6.8173,-9.9648,159.3734,-2.7900},
				{0.0200,19.5821,4.8834,46.5795,7.3126,6.4981,-173.3189,43.1348,7.0000,7.0000,0.0000,40.0049,6.6873,-6.4987,173.3045,-2.7955},
				{0.0200,19.4501,4.8366,46.7267,7.3619,2.4608,-201.8646,43.2748,7.0000,7.0000,0.0000,40.1377,6.6381,-2.4611,201.8789,-2.8020},
				{0.0200,19.3179,4.7907,46.8730,7.3148,-2.3545,-240.7653,43.4148,7.0000,7.0000,0.0000,40.2714,6.6852,2.3548,240.7952,-2.8076},
				{0.0200,19.1854,4.7453,47.0161,7.1549,-7.9914,-281.8445,43.5548,7.0000,7.0000,0.0000,40.4083,6.8451,7.9921,281.8643,-2.8103},
				{0.0200,19.0530,4.6999,47.1589,7.1426,-0.6176,368.6898,43.6948,7.0000,7.0000,0.0000,40.5455,6.8574,0.6176,-368.7229,-2.8129},
				{0.0200,18.9208,4.6538,47.2888,6.4952,-32.3678,-1587.5108,43.8348,7.0000,7.0000,0.0000,40.6956,7.5047,32.3656,1587.4020,-2.8039},
				{0.0200,18.7892,4.6061,47.4115,6.1339,-18.0645,715.1629,43.9748,7.0000,7.0000,0.0000,40.8529,7.8659,18.0600,-715.2825,-2.7885},
				{0.0200,18.6585,4.5560,47.5267,5.7586,-18.7672,-35.1324,44.1148,7.0000,7.0000,0.0000,41.0177,8.2411,18.7599,34.9967,-2.7664},
				{0.0200,18.5291,4.5025,47.6338,5.3550,-20.1788,-70.5791,44.2548,7.0000,7.0000,0.0000,41.1906,8.6445,20.1681,70.4075,-2.7372},
				{0.0200,18.4016,4.4447,47.7320,4.9101,-22.2469,-103.4088,44.3948,7.0000,7.0000,0.0000,41.3724,9.0891,22.2317,103.1807,-2.7000},
				{0.0200,18.2766,4.3817,47.8202,4.4125,-24.8773,-131.5163,44.5348,7.0000,7.0000,0.0000,41.5641,9.5862,24.8559,131.2107,-2.6540},
				{0.0200,18.1549,4.3125,47.8974,3.8556,-27.8467,-148.4719,44.6748,7.0000,7.0000,0.0000,41.7669,10.1426,27.8174,148.0747,-2.5981},
				{0.0200,18.0377,4.2359,47.9622,3.2421,-30.6745,-141.3899,44.8148,7.0000,7.0000,0.0000,41.9821,10.7553,30.6356,140.9118,-2.5314},
				{0.0200,17.9264,4.1511,48.0141,2.5927,-32.4710,-89.8246,44.9548,7.0000,7.0000,0.0000,42.2101,11.4037,32.4224,89.3372,-2.4530},
				{0.0200,17.8226,4.0572,48.0532,1.9552,-31.8755,29.7768,45.0948,7.0000,7.0000,0.0000,42.4509,12.0401,31.8205,-30.0964,-2.3633},
				{0.0200,17.7282,3.9539,48.0813,1.4086,-27.3305,227.2478,45.2348,7.0000,7.0000,0.0000,42.7026,12.5857,27.2782,-227.1119,-2.2639},
				{0.0200,17.6449,3.8415,48.1023,1.0501,-17.9262,470.2153,45.3748,7.0000,7.0000,0.0000,42.9615,12.9435,17.8908,-469.3706,-2.1582},
				{0.0200,17.5741,3.7208,48.1215,0.9597,-4.5188,670.3716,45.5148,7.0000,7.0000,0.0000,43.2222,13.0338,4.5119,-668.9472,-2.0508},
				{0.0200,17.5164,3.5933,48.1447,1.1597,10.0007,725.9725,45.6548,7.0000,7.0000,0.0000,43.4789,12.8342,-9.9785,-724.5189,-1.9470},
				{0.0200,17.4718,3.4606,48.1768,1.6017,22.1010,605.0145,45.7948,7.0000,7.0000,0.0000,43.7267,12.3930,-22.0572,-603.9357,-1.8510},
				{0.0200,17.4394,3.3245,48.2206,2.1938,29.6050,375.2000,45.9348,7.0000,7.0000,0.0000,43.9628,11.8020,-29.5515,-374.7139,-1.7656},
				{0.0200,17.4179,3.1862,48.2775,2.8427,32.4456,142.0322,46.0748,7.0000,7.0000,0.0000,44.1859,11.1541,-32.3937,-142.1075,-1.6917},
				{0.0200,17.4059,3.0467,48.3471,3.4810,31.9154,-26.5117,46.2148,7.0000,7.0000,0.0000,44.3962,10.5167,-31.8713,26.1176,-1.6291},
				{0.0200,17.4019,2.9068,48.4286,4.0723,29.5611,-117.7155,46.3548,7.0000,7.0000,0.0000,44.5947,9.9262,-29.5266,117.2342,-1.5771},
				{0.0200,17.4045,2.7668,48.5206,4.6036,26.5671,-149.6968,46.4948,7.0000,7.0000,0.0000,44.7826,9.3954,-26.5415,149.2570,-1.5345},
				{0.0200,17.4125,2.6270,48.6222,5.0765,23.6464,-146.0358,46.6348,7.0000,7.0000,0.0000,44.9611,8.9228,-23.6279,145.6816,-1.5003},
				{0.0200,17.4247,2.4876,48.7321,5.4997,21.1580,-124.4233,46.7748,7.0000,7.0000,0.0000,45.1311,8.4999,-21.1448,124.1544,-1.4736},
				{0.0200,17.4401,2.3484,48.8498,5.8848,19.2554,-95.1265,46.9148,7.0000,7.0000,0.0000,45.2934,8.1150,-19.2462,94.9260,-1.4538},
				{0.0200,17.4579,2.2096,48.9747,6.2448,17.9982,-62.8605,47.0548,7.0000,7.0000,0.0000,45.4485,7.7551,-17.9921,62.7086,-1.4404},
				{0.0200,17.4771,2.0709,49.1066,6.5932,17.4217,-28.8265,47.1948,7.0000,7.0000,0.0000,45.5966,7.4068,-17.4180,28.7041,-1.4331},
				{0.0200,17.4968,1.9323,49.2450,6.9177,16.2276,-59.7060,47.3348,7.0000,7.0000,0.0000,45.7383,7.0823,-16.2261,59.5949,-1.4317},
				{0.0200,17.5167,1.7937,49.3834,6.9227,0.2458,-799.0887,47.4748,7.0000,7.0000,0.0000,45.8798,7.0773,-0.2458,799.0151,-1.4303},
				{0.0200,17.5369,1.6552,49.5201,6.8344,-4.4118,-232.8781,47.6148,7.0000,7.0000,0.0000,46.0231,7.1656,4.4116,232.8683,-1.4274},
				{0.0200,17.5576,1.5167,49.6551,6.7491,-4.2652,7.3277,47.7548,7.0000,7.0000,0.0000,46.1681,7.2509,4.2649,-7.3341,-1.4229},
				{0.0200,17.5790,1.3784,49.7884,6.6658,-4.1641,5.0565,47.8948,7.0000,7.0000,0.0000,46.3148,7.3341,4.1636,-5.0625,-1.4170},
				{0.0200,17.6014,1.2402,49.9201,6.5838,-4.1019,3.1091,48.0348,7.0000,7.0000,0.0000,46.4631,7.4162,4.1013,-3.1150,-1.4096},
				{0.0200,17.6248,1.1021,50.0501,6.5023,-4.0731,1.4381,48.1748,7.0000,7.0000,0.0000,46.6131,7.4976,4.0725,-1.4440,-1.4007},
				{0.0200,17.6496,0.9644,50.1785,6.4209,-4.0729,0.0119,48.3148,7.0000,7.0000,0.0000,46.7647,7.5791,4.0721,-0.0180,-1.3904},
				{0.0200,17.6759,0.8268,50.3053,6.3389,-4.0966,-1.1863,48.4548,7.0000,7.0000,0.0000,46.9179,7.6610,4.0957,1.1799,-1.3787},
				{0.0200,17.7039,0.6897,50.4304,6.2561,-4.1398,-2.1604,48.5948,7.0000,7.0000,0.0000,47.0728,7.7438,4.1388,2.1537,-1.3655},
				{0.0200,17.7339,0.5529,50.5539,6.1722,-4.1979,-2.9023,48.7348,7.0000,7.0000,0.0000,47.2293,7.8277,4.1967,2.8951,-1.3507},
				{0.0200,17.7659,0.4166,50.6756,6.0869,-4.2657,-3.3919,48.8748,7.0000,7.0000,0.0000,47.3876,7.9130,4.2644,3.3844,-1.3345},
				{0.0200,17.8003,0.2809,50.7956,6.0001,-4.3377,-3.5984,49.0148,7.0000,7.0000,0.0000,47.5476,7.9997,4.3362,3.5903,-1.3167},
				{0.0200,17.8371,0.1459,50.9139,5.9120,-4.4073,-3.4806,49.1548,7.0000,7.0000,0.0000,47.7093,8.0878,4.4056,3.4724,-1.2974},
				{0.0200,17.8767,0.0116,51.0303,5.8226,-4.4671,-2.9896,49.2948,7.0000,7.0000,0.0000,47.8729,8.1771,4.4652,2.9812,-1.2765},
				{0.0200,17.9192,-0.1218,51.1450,5.7325,-4.5085,-2.0710,49.4348,7.0000,7.0000,0.0000,48.0382,8.2672,4.5065,2.0627,-1.2539},
				{0.0200,17.9648,-0.2542,51.2578,5.6420,-4.5219,-0.6699,49.5748,7.0000,7.0000,0.0000,48.2054,8.3576,4.5197,0.6622,-1.2298},
				{0.0200,18.0137,-0.3854,51.3688,5.5521,-4.4967,1.2616,49.7148,7.0000,7.0000,0.0000,48.3743,8.4475,4.4944,-1.2684,-1.2040},
				{0.0200,18.0660,-0.5152,51.4781,5.4637,-4.4216,3.7563,49.8548,7.0000,7.0000,0.0000,48.5450,8.5359,4.4191,-3.7616,-1.1767},
				{0.0200,18.1220,-0.6435,51.5857,5.3780,-4.2852,6.8193,49.9948,7.0000,7.0000,0.0000,48.7175,8.6216,4.2827,-6.8223,-1.1479},
				{0.0200,18.1817,-0.7701,51.6916,5.2964,-4.0769,10.4161,50.1348,7.0000,7.0000,0.0000,48.8915,8.7030,4.0744,-10.4163,-1.1176},
				{0.0200,18.2453,-0.8949,51.7960,5.2207,-3.7876,14.4605,50.2748,7.0000,7.0000,0.0000,49.0671,8.7788,3.7852,-14.4572,-1.0860},
				{0.0200,18.3129,-1.0174,51.8991,5.1524,-3.4115,18.8062,50.4148,7.0000,7.0000,0.0000,49.2440,8.8469,3.4093,-18.7987,-1.0532},
				{0.0200,18.3846,-1.1377,52.0009,5.0935,-2.9466,23.2446,50.5548,7.0000,7.0000,0.0000,49.4222,8.9058,2.9446,-23.2326,-1.0193},
				{0.0200,18.4603,-1.2554,52.1019,5.0456,-2.3963,27.5138,50.6948,7.0000,7.0000,0.0000,49.6012,8.9537,2.3947,-27.4972,-0.9845},
				{0.0200,18.5402,-1.3704,52.2021,5.0102,-1.7700,31.3179,50.8348,7.0000,7.0000,0.0000,49.7810,8.9891,1.7687,-31.2971,-0.9492},
				{0.0200,18.6240,-1.4825,52.3018,4.9885,-1.0828,34.3591,50.9748,7.0000,7.0000,0.0000,49.9612,9.0107,1.0820,-34.3348,-0.9134},
				{0.0200,18.7119,-1.5915,52.4015,4.9814,-0.3553,36.3758,51.1148,7.0000,7.0000,0.0000,50.1416,9.0178,0.3550,-36.3492,-0.8775},
				{0.0200,18.8036,-1.6973,52.5012,4.9892,0.3883,37.1810,51.2548,7.0000,7.0000,0.0000,50.3218,9.0101,-0.3880,-37.1536,-0.8418},
				{0.0200,18.8989,-1.7998,52.6015,5.0116,1.1222,36.6920,51.3948,7.0000,7.0000,0.0000,50.5015,8.9877,-1.1213,-36.6652,-0.8064},
				{0.0200,18.9979,-1.8988,52.7024,5.0480,1.8210,34.9441,51.5348,7.0000,7.0000,0.0000,50.6806,8.9513,-1.8197,-34.9195,-0.7717},
				{0.0200,19.1001,-1.9945,52.8044,5.0973,2.4627,32.0848,51.6748,7.0000,7.0000,0.0000,50.8586,8.9020,-2.4610,-32.0636,-0.7379},
				{0.0200,19.2055,-2.0866,52.9075,5.1579,3.0297,28.3495,51.8148,7.0000,7.0000,0.0000,51.0354,8.8415,-3.0277,-28.3326,-0.7052},
				{0.0200,19.3138,-2.1753,53.0121,5.2281,3.5102,24.0257,51.9548,7.0000,7.0000,0.0000,51.2109,8.7713,-3.5079,-24.0135,-0.6737},
				{0.0200,19.4248,-2.2607,53.1182,5.3061,3.8985,19.4134,52.0948,7.0000,7.0000,0.0000,51.3847,8.6934,-3.8960,-19.4059,-0.6436},
				{0.0200,19.5382,-2.3427,53.2260,5.3900,4.1943,14.7898,52.2348,7.0000,7.0000,0.0000,51.5569,8.6096,-4.1918,-14.7867,-0.6149},
				{0.0200,19.6539,-2.4216,53.3356,5.4780,4.4020,10.3842,52.3748,7.0000,7.0000,0.0000,51.7274,8.5216,-4.3995,-10.3849,-0.5879},
				{0.0200,19.7716,-2.4974,53.4469,5.5686,4.5293,6.3649,52.5148,7.0000,7.0000,0.0000,51.8960,8.4310,-4.5268,-6.3686,-0.5624},
				{0.0200,19.8911,-2.5703,53.5602,5.6603,4.5860,2.8371,52.6548,7.0000,7.0000,0.0000,52.0628,8.3394,-4.5837,-2.8432,-0.5386},
				{0.0200,20.0123,-2.6404,53.6752,5.7520,4.5830,-0.1508,52.7948,7.0000,7.0000,0.0000,52.2277,8.2478,-4.5809,0.1430,-0.5164},
				{0.0200,20.1349,-2.7079,53.7920,5.8426,4.5311,-2.5962,52.9348,7.0000,7.0000,0.0000,52.3909,8.1572,-4.5291,2.5874,-0.4959},
				{0.0200,20.2589,-2.7730,53.9107,5.9314,4.4405,-4.5300,53.0748,7.0000,7.0000,0.0000,52.5522,8.0684,-4.4387,4.5207,-0.4769},
				{0.0200,20.3840,-2.8357,54.0310,6.0178,4.3204,-6.0042,53.2148,7.0000,7.0000,0.0000,52.7119,7.9820,-4.3188,5.9948,-0.4594},
				{0.0200,20.5102,-2.8964,54.1531,6.1014,4.1788,-7.0821,53.3548,7.0000,7.0000,0.0000,52.8698,7.8985,-4.1773,7.0729,-0.4434},
				{0.0200,20.6372,-2.9552,54.2767,6.1818,4.0222,-7.8305,53.4948,7.0000,7.0000,0.0000,53.0262,7.8181,-4.0209,7.8218,-0.4289},
				{0.0200,20.7651,-3.0122,54.4019,6.2589,3.8559,-8.3144,53.6348,7.0000,7.0000,0.0000,53.1810,7.7410,-3.8548,8.3062,-0.4157},
				{0.0200,20.8937,-3.0676,54.5285,6.3326,3.6840,-8.5938,53.7748,7.0000,7.0000,0.0000,53.3344,7.6673,-3.6830,8.5862,-0.4038},
				{0.0200,21.0229,-3.1215,54.6566,6.4028,3.5096,-8.7218,53.9148,7.0000,7.0000,0.0000,53.4863,7.5971,-3.5088,8.7149,-0.3932},
				{0.0200,21.1526,-3.1742,54.7860,6.4695,3.3347,-8.7444,54.0548,7.0000,7.0000,0.0000,53.6369,7.5304,-3.3340,8.7382,-0.3838},
				{0.0200,21.2828,-3.2257,54.9166,6.5327,3.1607,-8.7002,54.1948,7.0000,7.0000,0.0000,53.7863,7.4672,-3.1601,8.6946,-0.3755},
				{0.0200,21.4134,-3.2762,55.0485,6.5925,2.9882,-8.6214,54.3348,7.0000,7.0000,0.0000,53.9344,7.4075,-2.9878,8.6164,-0.3683},
				{0.0200,21.5443,-3.3258,55.1815,6.6488,2.8176,-8.5341,54.4748,7.0000,7.0000,0.0000,54.0814,7.3511,-2.8172,8.5297,-0.3620},
				{0.0200,21.6755,-3.3746,55.3155,6.7018,2.6484,-8.4595,54.6148,7.0000,7.0000,0.0000,54.2274,7.2982,-2.6481,8.4557,-0.3567},
				{0.0200,21.8069,-3.4228,55.4505,6.7514,2.4801,-8.4148,54.7548,7.0000,7.0000,0.0000,54.3724,7.2486,-2.4798,8.4114,-0.3523},
				{0.0200,21.9385,-3.4705,55.5865,6.7976,2.3118,-8.4131,54.8948,7.0000,7.0000,0.0000,54.5164,7.2024,-2.3116,8.4103,-0.3487},
				{0.0200,22.0703,-3.5178,55.7233,6.8405,2.1425,-8.4651,55.0348,7.0000,7.0000,0.0000,54.6596,7.1595,-2.1424,8.4626,-0.3459},
				{0.0200,22.2022,-3.5647,55.8609,6.8799,1.9709,-8.5784,55.1748,7.0000,7.0000,0.0000,54.8020,7.1201,-1.9708,8.5763,-0.3437},
				{0.0200,22.3342,-3.6114,55.9992,6.9158,1.7958,-8.7588,55.3148,7.0000,7.0000,0.0000,54.9437,7.0842,-1.7957,8.7571,-0.3422},
				{0.0200,22.4662,-3.6579,56.1382,6.9481,1.6156,-9.0098,55.4548,7.0000,7.0000,0.0000,55.0847,7.0519,-1.6155,9.0084,-0.3413},
				{0.0200,22.5983,-3.7044,56.2777,6.9767,1.4289,-9.3330,55.5948,7.0000,7.0000,0.0000,55.2252,7.0233,-1.4289,9.3320,-0.3409},
				{0.0200,22.7304,-3.7508,56.4177,7.0014,1.2344,-9.7282,55.7348,7.0000,7.0000,0.0000,55.3652,6.9986,-1.2343,9.7274,-0.3409},
				{0.0200,22.8625,-3.7972,56.5582,7.0220,1.0305,-10.1928,55.8748,7.0000,7.0000,0.0000,55.5047,6.9780,-1.0305,10.1923,-0.3413},
				{0.0200,22.9945,-3.8438,56.6989,7.0383,0.8160,-10.7224,56.0148,7.0000,7.0000,0.0000,55.6440,6.9617,-0.8161,10.7222,-0.3420},
				{0.0200,23.1265,-3.8904,56.8399,7.0501,0.5898,-11.3101,56.1548,7.0000,7.0000,0.0000,55.7830,6.9499,-0.5899,11.3101,-0.3429},
				{0.0200,23.2585,-3.9371,56.9811,7.0571,0.3509,-11.9464,56.2948,7.0000,7.0000,0.0000,55.9218,6.9429,-0.3509,11.9465,-0.3439},
				{0.0200,23.3904,-3.9840,57.1223,7.0591,0.0985,-12.6191,56.4348,7.0000,7.0000,0.0000,56.0606,6.9409,-0.0985,12.6193,-0.3449},
				{0.0200,23.5223,-4.0311,57.2634,7.0558,-0.1677,-13.3130,56.5748,7.0000,7.0000,0.0000,56.1995,6.9442,0.1677,13.3133,-0.3459},
				{0.0200,23.6541,-4.0782,57.4043,7.0468,-0.4479,-14.0097,56.7148,7.0000,7.0000,0.0000,56.3386,6.9532,0.4479,14.0100,-0.3468},
				{0.0200,23.7859,-4.1255,57.5449,7.0320,-0.7417,-14.6876,56.8548,7.0000,7.0000,0.0000,56.4779,6.9680,0.7417,14.6877,-0.3473},
				{0.0200,23.9176,-4.1727,57.6852,7.0105,-1.0745,-16.6411,56.9948,7.0000,7.0000,0.0000,56.6177,6.9895,1.0745,16.6410,-0.3475},
				{0.0200,24.0495,-4.2199,57.8214,6.8134,-9.8555,-439.0495,57.1348,7.0000,7.0000,0.0000,56.7615,7.1866,9.8551,439.0323,-0.3442},
				{0.0200,24.1816,-4.2662,57.9511,6.4863,-16.3525,-324.8509,57.2748,7.0000,7.0000,0.0000,56.9117,7.5136,16.3504,324.7627,-0.3351},
				{0.0200,24.3142,-4.3109,58.0743,6.1568,-16.4765,-6.1977,57.4148,7.0000,7.0000,0.0000,57.0686,7.8431,16.4724,6.0977,-0.3201},
				{0.0200,24.4477,-4.3533,58.1905,5.8092,-17.3797,-45.1624,57.5548,7.0000,7.0000,0.0000,57.2324,8.1905,17.3732,45.0432,-0.2989},
				{0.0200,24.5821,-4.3923,58.2990,5.4282,-19.0509,-83.5576,57.6948,7.0000,7.0000,0.0000,57.4038,8.5714,19.0412,83.3991,-0.2710},
				{0.0200,24.7177,-4.4271,58.3990,4.9978,-21.5196,-123.4392,57.8348,7.0000,7.0000,0.0000,57.5839,9.0015,21.5055,123.2163,-0.2354},
				{0.0200,24.8546,-4.4564,58.4890,4.5015,-24.8152,-164.7802,57.9748,7.0000,7.0000,0.0000,57.7738,9.4974,24.7947,164.4608,-0.1910},
				{0.0200,24.9928,-4.4789,58.5675,3.9237,-28.8892,-203.6967,58.1148,7.0000,7.0000,0.0000,57.9753,10.0746,28.8596,203.2431,-0.1363},
				{0.0200,25.1320,-4.4931,58.6326,3.2544,-33.4663,-228.8581,58.2548,7.0000,7.0000,0.0000,58.1902,10.7431,33.4244,228.2400,-0.0697},
				{0.0200,25.2719,-4.4970,58.6825,2.4986,-37.7899,-216.1766,58.3948,7.0000,7.0000,0.0000,58.4201,11.4977,37.7326,215.4120,0.0103},
				{0.0200,25.4116,-4.4887,58.7164,1.6926,-40.2986,-125.4362,58.5348,7.0000,7.0000,0.0000,58.6662,12.3022,40.2262,124.6792,0.1046},
				{0.0200,25.5498,-4.4664,58.7348,0.9221,-38.5248,88.6905,58.6748,7.0000,7.0000,0.0000,58.9276,13.0711,38.4459,-89.0160,0.2127},
				{0.0200,25.6845,-4.4285,58.7413,0.3247,-29.8729,432.5927,58.8148,7.0000,7.0000,0.0000,59.2009,13.6675,29.8158,-431.5074,0.3314},
				{0.0200,25.8135,-4.3745,58.7424,0.0525,-13.6062,813.3379,58.9548,7.0000,7.0000,0.0000,59.4798,13.9422,13.7375,-803.9154,0.4549},
				{0.0200,25.9350,-4.3051,58.7460,0.1797,6.3594,998.2778,59.0948,7.0000,7.0000,0.0000,59.7561,13.8132,-6.4511,-1009.4264,0.5762},
				{0.0200,26.0476,-4.2220,58.7594,0.6728,24.6563,914.8439,59.2348,7.0000,7.0000,0.0000,60.0225,13.3202,-24.6480,-909.8472,0.6887},
				{0.0200,26.1507,-4.1274,58.7874,1.3968,36.1985,577.1095,59.3748,7.0000,7.0000,0.0000,60.2744,12.5976,-36.1312,-574.1581,0.7883},
				{0.0200,26.2446,-4.0236,58.8314,2.2015,40.2348,201.8159,59.5148,7.0000,7.0000,0.0000,60.5103,11.7944,-40.1625,-201.5678,0.8736},
				{0.0200,26.3302,-3.9128,58.8910,2.9804,38.9433,-64.5745,59.6548,7.0000,7.0000,0.0000,60.7306,11.0167,-38.8823,64.0099,0.9451},
				{0.0200,26.4083,-3.7967,58.9646,3.6804,35.0013,-197.1006,59.7948,7.0000,7.0000,0.0000,60.9370,10.3176,-34.9551,196.3598,1.0041},
				{0.0200,26.4802,-3.6765,59.0504,4.2868,30.3208,-234.0210,59.9348,7.0000,7.0000,0.0000,61.1312,9.7118,-30.2878,233.3673,1.0523},
				{0.0200,26.5467,-3.5534,59.1465,4.8051,25.9155,-220.2674,60.0748,7.0000,7.0000,0.0000,61.3151,9.1940,-25.8924,219.7683,1.0913},
				{0.0200,26.6089,-3.4280,59.2514,5.2490,22.1945,-186.0480,60.2148,7.0000,7.0000,0.0000,61.4901,8.7504,-22.1786,185.6907,1.1224},
				{0.0200,26.6676,-3.3009,59.3641,5.6341,19.2550,-146.9779,60.3548,7.0000,7.0000,0.0000,61.6574,8.3655,-19.2441,146.7282,1.1467},
				{0.0200,26.7236,-3.1726,59.4836,5.9754,17.0651,-109.4966,60.4948,7.0000,7.0000,0.0000,61.8179,8.0244,-17.0576,109.3220,1.1649},
				{0.0200,26.7777,-3.0434,59.6094,6.2866,15.5594,-75.2837,60.6348,7.0000,7.0000,0.0000,61.9722,7.7133,-15.5544,75.1585,1.1776},
				{0.0200,26.8304,-2.9137,59.7410,6.5803,14.6838,-43.7799,60.7748,7.0000,7.0000,0.0000,62.1206,7.4197,-14.6807,43.6851,1.1851},
				{0.0200,26.8825,-2.7838,59.8783,6.8673,14.3530,-16.5375,60.9148,7.0000,7.0000,0.0000,62.2632,7.1327,-14.3516,16.4581,1.1874},
				{0.0200,26.9341,-2.6536,60.0097,6.5711,-14.8108,-1458.1939,61.0548,7.0000,7.0000,0.0000,62.4118,7.4288,14.8092,1458.0404,1.1950},
				{0.0200,26.9839,-2.5228,60.1260,5.8128,-37.9172,-1155.3167,61.1948,7.0000,7.0000,0.0000,62.5755,8.1870,37.9059,1154.8354,1.2162},
				{0.0200,27.0300,-2.3906,60.2263,5.0161,-39.8331,-95.7973,61.3348,7.0000,7.0000,0.0000,62.7552,8.9832,39.8099,95.2001,1.2514},
				{0.0200,27.0703,-2.2565,60.3082,4.0943,-46.0904,-312.8643,61.4748,7.0000,7.0000,0.0000,62.9533,9.9041,46.0490,311.9533,1.3031},
				{0.0200,27.1023,-2.1203,60.3674,2.9614,-56.6460,-527.7789,61.6148,7.0000,7.0000,0.0000,63.1740,11.0356,56.5736,526.2309,1.3749},
				{0.0200,27.1228,-1.9819,60.3983,1.5445,-70.8422,-709.8120,61.7548,7.0000,7.0000,0.0000,63.4230,12.4500,70.7183,707.2324,1.4718},
				{0.0200,27.1277,-1.8420,60.4013,0.1494,-69.7549,54.3663,61.8948,7.0000,7.0000,0.0000,63.7058,14.1400,84.5014,689.1541,1.5989},
				{0.0200,27.1127,-1.7030,60.4389,1.8803,86.5428,7814.8831,62.0348,7.0000,7.0000,0.0000,64.0231,15.8657,86.2854,89.2048,1.7568},
				{0.0200,27.0744,-1.5685,60.4999,3.0480,58.3862,-1407.8265,62.1748,7.0000,7.0000,0.0000,64.3637,17.0293,58.1777,-1405.3856,1.9355},
				{0.0200,27.0127,-1.4431,60.5600,3.0050,-2.1513,-3026.8785,62.3148,7.0000,7.0000,0.0000,64.7034,16.9862,-2.1516,-3016.4674,2.1135},
				{0.0200,26.9307,-1.3297,60.5951,1.7540,-62.5517,-3020.0184,62.4548,7.0000,7.0000,0.0000,65.0182,15.7392,-62.3499,-3009.9152,2.2691},
				{0.0200,26.8338,-1.2289,60.5963,0.0639,-84.5040,-1097.6140,62.5948,7.0000,7.0000,0.0000,65.2970,13.9406,-89.9300,-1379.0061,2.3927},
				{0.0200,26.7265,-1.1390,60.6323,1.7975,86.6833,8559.3628,62.7348,7.0000,7.0000,0.0000,65.5410,12.1977,-87.1466,139.1718,2.4851},
				{0.0200,26.6124,-1.0579,60.6971,3.2393,72.0866,-729.8311,62.8748,7.0000,7.0000,0.0000,65.7561,10.7582,-71.9763,758.5153,2.5520},
				{0.0200,26.4939,-0.9833,60.7843,4.3607,56.0717,-800.7457,63.0148,7.0000,7.0000,0.0000,65.9489,9.6380,-56.0078,798.4251,2.5989},
				{0.0200,26.3727,-0.9134,60.8887,5.2200,42.9621,-655.4814,63.1548,7.0000,7.0000,0.0000,66.1245,8.7795,-42.9278,653.9972,2.6306},
				{0.0200,26.2496,-0.8466,61.0062,5.8770,32.8512,-505.5426,63.2948,7.0000,7.0000,0.0000,66.2869,8.1228,-32.8339,504.6953,2.6505},
				{0.0200,26.1256,-0.7817,61.1337,6.3732,24.8095,-402.0879,63.4348,7.0000,7.0000,0.0000,66.4395,7.6268,-24.8016,401.6179,2.6617},
				{0.0200,26.0010,-0.7178,61.2683,6.7289,17.7856,-351.1931,63.5748,7.0000,7.0000,0.0000,66.5849,7.2711,-17.7827,350.9437,2.6665},
				{0.0200,25.8763,-0.6542,61.4072,6.9457,10.8387,-347.3453,63.7148,7.0000,7.0000,0.0000,66.7260,7.0543,-10.8381,347.2319,2.6674},
				{0.0200,25.7516,-0.5906,61.5473,7.0074,3.0884,-387.5144,63.8548,7.0000,7.0000,0.0000,66.8658,6.9926,-3.0884,387.4834,2.6673},
				{0.0200,25.6267,-0.5272,61.6832,6.7957,-10.5878,-683.8124,63.9948,7.0000,7.0000,0.0000,67.0099,7.2043,10.5874,683.7912,2.6709},
				{0.0200,25.5015,-0.4646,61.8134,6.5076,-14.4044,-190.8295,64.1348,7.0000,7.0000,0.0000,67.1598,7.4924,14.4026,190.7574,2.6797},
				{0.0200,25.3756,-0.4033,61.9384,6.2512,-12.8193,79.2567,64.2748,7.0000,7.0000,0.0000,67.3147,7.7487,12.8164,-79.3105,2.6930},
				{0.0200,25.2488,-0.3440,62.0589,6.0231,-11.4025,70.8402,64.4148,7.0000,7.0000,0.0000,67.4743,7.9767,11.3989,-70.8747,2.7104},
				{0.0200,25.1209,-0.2872,62.1753,5.8219,-10.0621,67.0178,64.5548,7.0000,7.0000,0.0000,67.6378,8.1778,10.0581,-67.0361,2.7313},
				{0.0200,24.9917,-0.2332,62.2883,5.6474,-8.7267,66.7700,64.6948,7.0000,7.0000,0.0000,67.8049,8.3523,8.7227,-66.7735,2.7554},
				{0.0200,24.8612,-0.1826,62.3983,5.5005,-7.3458,69.0442,64.8348,7.0000,7.0000,0.0000,67.9749,8.4991,7.3420,-69.0337,2.7820},
				{0.0200,24.7293,-0.1356,62.5059,5.3826,-5.8914,72.7206,64.9748,7.0000,7.0000,0.0000,68.1472,8.6169,5.8881,-72.6968,2.8108},
				{0.0200,24.5961,-0.0925,62.6118,5.2954,-4.3588,76.6303,65.1148,7.0000,7.0000,0.0000,68.3213,8.7040,4.3562,-76.5946,2.8411},
				{0.0200,24.4617,-0.0535,62.7166,5.2401,-2.7661,79.6372,65.2548,7.0000,7.0000,0.0000,68.4965,8.7593,2.7643,-79.5923,2.8724},
				{0.0200,24.3260,-0.0188,62.8210,5.2171,-1.1507,80.7689,65.3948,7.0000,7.0000,0.0000,68.6721,8.7823,1.1500,-80.7185,2.9040},
				{0.0200,24.1894,0.0116,62.9255,5.2258,0.4365,79.3580,65.5348,7.0000,7.0000,0.0000,68.8476,8.7736,-0.4362,-79.3064,2.9356},
				{0.0200,24.0518,0.0377,63.0308,5.2646,1.9394,75.1442,65.6748,7.0000,7.0000,0.0000,69.0223,8.7348,-1.9381,-75.0962,2.9664},
				{0.0200,23.9136,0.0596,63.1374,5.3307,3.3053,68.2974,65.8148,7.0000,7.0000,0.0000,69.1957,8.6688,-3.3032,-68.2568,2.9961},
				{0.0200,23.7747,0.0776,63.2458,5.4206,4.4922,59.3474,65.9548,7.0000,7.0000,0.0000,69.3672,8.5790,-4.4896,-59.3170,3.0242},
				{0.0200,23.6355,0.0917,63.3564,5.5300,5.4731,49.0438,66.0948,7.0000,7.0000,0.0000,69.5366,8.4696,-5.4701,-49.0247,3.0503},
				{0.0200,23.4959,0.1024,63.4695,5.6548,6.2369,38.1892,66.2348,7.0000,7.0000,0.0000,69.7035,8.3449,-6.2337,-38.1813,3.0742},
				{0.0200,23.3561,0.1099,63.5853,5.7905,6.7868,27.4944,66.3748,7.0000,7.0000,0.0000,69.8677,8.2092,-6.7836,-27.4965,3.0957},
				{0.0200,23.2162,0.1145,63.7040,5.9332,7.1365,17.4844,66.5148,7.0000,7.0000,0.0000,70.0290,8.0665,-7.1335,-17.4944,3.1147},
				{0.0200,23.0762,0.1167,63.8256,6.0794,7.3058,8.4633,66.6548,7.0000,7.0000,0.0000,70.1874,7.9205,-7.3031,-8.4791,3.1310},
				{0.0200,22.9362,0.1168,63.9501,6.2257,7.3163,0.5282,66.7948,7.0000,7.0000,0.0000,70.3429,7.7742,-7.3140,-0.5476,3.1448},
				{0.0200,22.7962,0.1151,64.0775,6.3695,7.1885,-6.3884,66.9348,7.0000,7.0000,0.0000,70.4955,7.6305,-7.1867,6.3673,3.1560},
				{0.0200,22.6562,0.1121,64.2076,6.5082,6.9392,-12.4652,67.0748,7.0000,7.0000,0.0000,70.6454,7.4917,-6.9378,12.4441,3.1648},
				{0.0200,22.5163,0.1079,64.3404,6.6399,6.5804,-17.9413,67.2148,7.0000,7.0000,0.0000,70.7926,7.3601,-6.5794,17.9214,3.1712},
				{0.0200,22.3764,0.1031,64.4757,6.7622,6.1189,-23.0736,67.3548,7.0000,7.0000,0.0000,70.9373,7.2378,-6.1183,23.0558,3.1754},
				{0.0200,22.2365,0.0978,64.6131,6.8734,5.5568,-28.1053,67.4948,7.0000,7.0000,0.0000,71.0799,7.1266,-5.5565,28.0903,3.1776},
				{0.0200,22.0966,0.0923,64.7526,6.9712,4.8920,-33.2433,67.6348,7.0000,7.0000,0.0000,71.2204,7.0288,-4.8918,33.2317,3.1782},
				{0.0200,21.9567,0.0868,64.8936,7.0536,4.1191,-38.6433,67.7748,7.0000,7.0000,0.0000,71.3594,6.9464,-4.1191,38.6355,3.1772},
				{0.0200,21.8168,0.0815,65.0360,7.1182,3.2311,-44.4009,67.9148,7.0000,7.0000,0.0000,71.4970,6.8818,-3.2312,44.3967,3.1751},
				{0.0200,21.6769,0.0766,65.1793,7.1626,2.2202,-50.5463,68.0548,7.0000,7.0000,0.0000,71.6338,6.8374,-2.2203,50.5457,3.1722},
				{0.0200,21.5369,0.0722,65.3229,7.1842,1.0793,-57.0455,68.1948,7.0000,7.0000,0.0000,71.7701,6.8158,-1.0793,57.0478,3.1689},
				{0.0200,21.3970,0.0682,65.4665,7.1803,-0.1968,-63.8038,68.3348,7.0000,7.0000,0.0000,71.9065,6.8197,0.1968,63.8079,3.1657},
				{0.0200,21.2570,0.0646,65.6095,7.1481,-1.6103,-70.6724,68.4748,7.0000,7.0000,0.0000,72.0435,6.8519,1.6104,70.6766,3.1631},
				{0.0200,21.1171,0.0613,65.7512,7.0849,-3.1594,-77.4542,68.6148,7.0000,7.0000,0.0000,72.1818,6.9151,3.1595,77.4561,3.1616},
				{0.0200,20.9771,0.0581,65.8910,6.9907,-4.7088,-77.4738,68.7548,7.0000,7.0000,0.0000,72.3220,7.0093,4.7089,77.4704,3.1618},
				{0.0200,20.8372,0.0549,66.0311,7.0030,0.6129,266.0877,68.8948,7.0000,7.0000,0.0000,72.4619,6.9970,-0.6129,-266.0910,3.1617},
				{0.0200,20.6972,0.0518,66.1712,7.0055,0.1290,-24.1962,69.0348,7.0000,7.0000,0.0000,72.6018,6.9945,-0.1290,24.1961,3.1616},
				{0.0200,20.5572,0.0486,66.3114,7.0080,0.1230,-0.3015,69.1748,7.0000,7.0000,0.0000,72.7417,6.9920,-0.1230,0.3015,3.1615},
				{0.0200,20.4173,0.0455,66.4516,7.0103,0.1170,-0.2968,69.3148,7.0000,7.0000,0.0000,72.8815,6.9897,-0.1170,0.2968,3.1613},
				{0.0200,20.2773,0.0424,66.5918,7.0126,0.1112,-0.2921,69.4548,7.0000,7.0000,0.0000,73.0212,6.9874,-0.1112,0.2921,3.1611},
				{0.0200,20.1373,0.0393,66.7321,7.0147,0.1054,-0.2875,69.5948,7.0000,7.0000,0.0000,73.1609,6.9853,-0.1054,0.2875,3.1608},
				{0.0200,19.9974,0.0363,66.8724,7.0167,0.0998,-0.2828,69.7348,7.0000,7.0000,0.0000,73.3006,6.9833,-0.0998,0.2828,3.1605},
				{0.0200,19.8574,0.0333,67.0128,7.0185,0.0942,-0.2782,69.8748,7.0000,7.0000,0.0000,73.4402,6.9815,-0.0942,0.2782,3.1602},
				{0.0200,19.7174,0.0304,67.1532,7.0203,0.0888,-0.2735,70.0148,7.0000,7.0000,0.0000,73.5798,6.9797,-0.0888,0.2735,3.1598},
				{0.0200,19.5774,0.0275,67.2937,7.0220,0.0834,-0.2689,70.1548,7.0000,7.0000,0.0000,73.7194,6.9780,-0.0834,0.2689,3.1594},
				{0.0200,19.4375,0.0247,67.4341,7.0235,0.0781,-0.2642,70.2948,7.0000,7.0000,0.0000,73.8589,6.9765,-0.0781,0.2642,3.1590},
				{0.0200,19.2975,0.0219,67.5746,7.0250,0.0729,-0.2596,70.4348,7.0000,7.0000,0.0000,73.9984,6.9750,-0.0729,0.2596,3.1586},
				{0.0200,19.1575,0.0192,67.7152,7.0264,0.0678,-0.2549,70.5748,7.0000,7.0000,0.0000,74.1379,6.9736,-0.0678,0.2549,3.1581},
				{0.0200,19.0176,0.0166,67.8557,7.0276,0.0628,-0.2503,70.7148,7.0000,7.0000,0.0000,74.2773,6.9724,-0.0628,0.2503,3.1576},
				{0.0200,18.8776,0.0140,67.9963,7.0288,0.0579,-0.2457,70.8548,7.0000,7.0000,0.0000,74.4167,6.9712,-0.0579,0.2457,3.1571},
				{0.0200,18.7376,0.0115,68.1369,7.0298,0.0531,-0.2410,70.9948,7.0000,7.0000,0.0000,74.5561,6.9702,-0.0531,0.2410,3.1566},
				{0.0200,18.5976,0.0091,68.2775,7.0308,0.0483,-0.2364,71.1348,7.0000,7.0000,0.0000,74.6955,6.9692,-0.0483,0.2364,3.1560},
				{0.0200,18.4576,0.0068,68.4181,7.0317,0.0437,-0.2318,71.2748,7.0000,7.0000,0.0000,74.8349,6.9683,-0.0437,0.2318,3.1554},
				{0.0200,18.3177,0.0045,68.5588,7.0325,0.0392,-0.2271,71.4148,7.0000,7.0000,0.0000,74.9742,6.9675,-0.0392,0.2272,3.1549},
				{0.0200,18.1777,0.0024,68.6994,7.0332,0.0347,-0.2225,71.5548,7.0000,7.0000,0.0000,75.1136,6.9668,-0.0347,0.2225,3.1543},
				{0.0200,18.0377,0.0003,68.8401,7.0338,0.0303,-0.2179,71.6948,7.0000,7.0000,0.0000,75.2529,6.9662,-0.0303,0.2179,3.1537},
				{0.0200,17.8977,-0.0017,68.9808,7.0343,0.0261,-0.2132,71.8348,7.0000,7.0000,0.0000,75.3922,6.9657,-0.0261,0.2132,3.1531},
				{0.0200,17.7577,-0.0036,69.1215,7.0347,0.0219,-0.2086,71.9748,7.0000,7.0000,0.0000,75.5315,6.9653,-0.0219,0.2086,3.1524},
				{0.0200,17.6177,-0.0055,69.2622,7.0351,0.0178,-0.2040,72.1148,7.0000,7.0000,0.0000,75.6708,6.9649,-0.0178,0.2040,3.1518},
				{0.0200,17.4777,-0.0072,69.4029,7.0354,0.0138,-0.1993,72.2548,7.0000,7.0000,0.0000,75.8101,6.9646,-0.0138,0.1993,3.1512},
				{0.0200,17.3378,-0.0089,69.5436,7.0356,0.0099,-0.1947,72.3948,7.0000,7.0000,0.0000,75.9494,6.9644,-0.0099,0.1947,3.1506},
				{0.0200,17.1978,-0.0105,69.6843,7.0357,0.0061,-0.1900,72.5348,7.0000,7.0000,0.0000,76.0887,6.9643,-0.0061,0.1900,3.1499},
				{0.0200,17.0578,-0.0119,69.8250,7.0357,0.0024,-0.1854,72.6748,7.0000,7.0000,0.0000,76.2280,6.9643,-0.0024,0.1854,3.1493},
				{0.0200,16.9178,-0.0133,69.9658,7.0357,-0.0012,-0.1807,72.8148,7.0000,7.0000,0.0000,76.3673,6.9643,0.0012,0.1807,3.1487},
				{0.0200,16.7778,-0.0146,70.1065,7.0356,-0.0047,-0.1761,72.9548,7.0000,7.0000,0.0000,76.5065,6.9644,0.0047,0.1761,3.1480},
				{0.0200,16.6378,-0.0158,70.2472,7.0354,-0.0081,-0.1714,73.0948,7.0000,7.0000,0.0000,76.6458,6.9646,0.0081,0.1714,3.1474},
				{0.0200,16.4978,-0.0170,70.3879,7.0352,-0.0115,-0.1668,73.2348,7.0000,7.0000,0.0000,76.7851,6.9648,0.0115,0.1668,3.1468},
				{0.0200,16.3578,-0.0180,70.5286,7.0349,-0.0147,-0.1621,73.3748,7.0000,7.0000,0.0000,76.9244,6.9651,0.0147,0.1621,3.1461},
				{0.0200,16.2178,-0.0190,70.6693,7.0346,-0.0179,-0.1574,73.5148,7.0000,7.0000,0.0000,77.0637,6.9654,0.0179,0.1574,3.1455},
				{0.0200,16.0778,-0.0198,70.8100,7.0341,-0.0209,-0.1528,73.6548,7.0000,7.0000,0.0000,77.2031,6.9659,0.0209,0.1528,3.1449},
				{0.0200,15.9378,-0.0206,70.9506,7.0337,-0.0239,-0.1481,73.7948,7.0000,7.0000,0.0000,77.3424,6.9663,0.0239,0.1481,3.1443},
				{0.0200,15.7978,-0.0213,71.0913,7.0331,-0.0267,-0.1434,73.9348,7.0000,7.0000,0.0000,77.4817,6.9669,0.0267,0.1434,3.1437},
				{0.0200,15.6578,-0.0219,71.2319,7.0325,-0.0295,-0.1388,74.0748,7.0000,7.0000,0.0000,77.6211,6.9675,0.0295,0.1388,3.1432},
				{0.0200,15.5178,-0.0225,71.3726,7.0319,-0.0322,-0.1341,74.2148,7.0000,7.0000,0.0000,77.7604,6.9681,0.0322,0.1341,3.1426},
				{0.0200,15.3778,-0.0229,71.5132,7.0312,-0.0348,-0.1294,74.3548,7.0000,7.0000,0.0000,77.8998,6.9688,0.0348,0.1294,3.1420},
				{0.0200,15.2378,-0.0233,71.6538,7.0305,-0.0373,-0.1247,74.4948,7.0000,7.0000,0.0000,78.0392,6.9695,0.0373,0.1247,3.1415},
				{0.0200,15.0978,-0.0236,71.7944,7.0297,-0.0397,-0.1201,74.6348,7.0000,7.0000,0.0000,78.1786,6.9703,0.0397,0.1201,3.1410},
				{0.0200,14.9578,-0.0238,71.9350,7.0288,-0.0420,-0.1154,74.7748,7.0000,7.0000,0.0000,78.3180,6.9712,0.0420,0.1154,3.1405},
				{0.0200,14.8178,-0.0240,72.0755,7.0279,-0.0442,-0.1107,74.9148,7.0000,7.0000,0.0000,78.4575,6.9721,0.0442,0.1107,3.1400},
				{0.0200,14.6778,-0.0241,72.2161,7.0270,-0.0463,-0.1060,75.0548,7.0000,7.0000,0.0000,78.5969,6.9730,0.0463,0.1060,3.1395},
				{0.0200,14.5378,-0.0241,72.3566,7.0260,-0.0483,-0.1014,75.1948,7.0000,7.0000,0.0000,78.7364,6.9740,0.0483,0.1014,3.1390},
				{0.0200,14.3978,-0.0241,72.4971,7.0250,-0.0503,-0.0967,75.3348,7.0000,7.0000,0.0000,78.8759,6.9750,0.0503,0.0967,3.1386},
				{0.0200,14.2578,-0.0240,72.6376,7.0240,-0.0521,-0.0920,75.4748,7.0000,7.0000,0.0000,79.0154,6.9760,0.0521,0.0920,3.1381},
				{0.0200,14.1178,-0.0238,72.7780,7.0229,-0.0539,-0.0874,75.6148,7.0000,7.0000,0.0000,79.1550,6.9771,0.0539,0.0874,3.1377},
				{0.0200,13.9778,-0.0236,72.9185,7.0218,-0.0555,-0.0827,75.7548,7.0000,7.0000,0.0000,79.2945,6.9782,0.0555,0.0827,3.1373},
				{0.0200,13.8378,-0.0234,73.0589,7.0207,-0.0571,-0.0780,75.8948,7.0000,7.0000,0.0000,79.4341,6.9793,0.0571,0.0780,3.1370},
				{0.0200,13.6978,-0.0231,73.1993,7.0195,-0.0586,-0.0734,76.0348,7.0000,7.0000,0.0000,79.5737,6.9805,0.0586,0.0734,3.1366},
				{0.0200,13.5578,-0.0227,73.3396,7.0183,-0.0599,-0.0687,76.1748,7.0000,7.0000,0.0000,79.7134,6.9817,0.0599,0.0687,3.1363},
				{0.0200,13.4178,-0.0223,73.4800,7.0171,-0.0612,-0.0640,76.3148,7.0000,7.0000,0.0000,79.8530,6.9829,0.0612,0.0640,3.1360},
				{0.0200,13.2778,-0.0218,73.6203,7.0158,-0.0624,-0.0594,76.4548,7.0000,7.0000,0.0000,79.9927,6.9842,0.0624,0.0594,3.1357},
				{0.0200,13.1378,-0.0214,73.7606,7.0146,-0.0635,-0.0547,76.5948,7.0000,7.0000,0.0000,80.1324,6.9854,0.0635,0.0547,3.1355},
				{0.0200,12.9978,-0.0208,73.9009,7.0133,-0.0645,-0.0501,76.7348,7.0000,7.0000,0.0000,80.2721,6.9867,0.0645,0.0501,3.1352},
				{0.0200,12.8578,-0.0203,74.0411,7.0120,-0.0654,-0.0454,76.8748,7.0000,7.0000,0.0000,80.4119,6.9880,0.0654,0.0454,3.1350},
				{0.0200,12.7178,-0.0197,74.1813,7.0106,-0.0662,-0.0408,77.0148,7.0000,7.0000,0.0000,80.5517,6.9894,0.0662,0.0408,3.1348},
				{0.0200,12.5778,-0.0191,74.3215,7.0093,-0.0669,-0.0361,77.1548,7.0000,7.0000,0.0000,80.6915,6.9907,0.0669,0.0361,3.1347},
				{0.0200,12.4378,-0.0185,74.4617,7.0079,-0.0676,-0.0315,77.2948,7.0000,7.0000,0.0000,80.8314,6.9921,0.0676,0.0315,3.1345},
				{0.0200,12.2978,-0.0179,74.6018,7.0066,-0.0681,-0.0268,77.4348,7.0000,7.0000,0.0000,80.9712,6.9934,0.0681,0.0268,3.1344},
				{0.0200,12.1578,-0.0172,74.7419,7.0052,-0.0685,-0.0222,77.5748,7.0000,7.0000,0.0000,81.1111,6.9948,0.0685,0.0222,3.1343},
				{0.0200,12.0178,-0.0165,74.8820,7.0038,-0.0689,-0.0175,77.7148,7.0000,7.0000,0.0000,81.2510,6.9962,0.0689,0.0175,3.1342},
				{0.0200,11.8778,-0.0159,75.0220,7.0025,-0.0692,-0.0129,77.8548,7.0000,7.0000,0.0000,81.3910,6.9975,0.0692,0.0129,3.1342},
				{0.0200,11.7378,-0.0152,75.1620,7.0011,-0.0693,-0.0082,77.9948,7.0000,7.0000,0.0000,81.5310,6.9989,0.0693,0.0082,3.1342},
				{0.0200,11.5978,-0.0145,75.3020,6.9997,-0.0694,-0.0036,78.1348,7.0000,7.0000,0.0000,81.6710,7.0003,0.0694,0.0036,3.1342},
				{0.0200,11.4578,-0.0138,75.4420,6.9983,-0.0694,0.0011,78.2748,7.0000,7.0000,0.0000,81.8110,7.0017,0.0694,-0.0011,3.1342},
				{0.0200,11.3178,-0.0132,75.5819,6.9969,-0.0693,0.0057,78.4148,7.0000,7.0000,0.0000,81.9511,7.0031,0.0693,-0.0057,3.1343},
				{0.0200,11.1778,-0.0125,75.7218,6.9955,-0.0690,0.0104,78.5548,7.0000,7.0000,0.0000,82.0912,7.0045,0.0690,-0.0104,3.1344},
				{0.0200,11.0378,-0.0118,75.8617,6.9942,-0.0687,0.0150,78.6948,7.0000,7.0000,0.0000,82.2313,7.0058,0.0687,-0.0150,3.1345},
				{0.0200,10.8978,-0.0112,76.0016,6.9928,-0.0684,0.0197,78.8348,7.0000,7.0000,0.0000,82.3714,7.0072,0.0684,-0.0197,3.1346},
				{0.0200,10.7578,-0.0106,76.1414,6.9914,-0.0679,0.0243,78.9748,7.0000,7.0000,0.0000,82.5116,7.0086,0.0679,-0.0243,3.1347},
				{0.0200,10.6178,-0.0100,76.2812,6.9901,-0.0673,0.0289,79.1148,7.0000,7.0000,0.0000,82.6518,7.0099,0.0673,-0.0290,3.1349},
				{0.0200,10.4778,-0.0094,76.4210,6.9887,-0.0666,0.0336,79.2548,7.0000,7.0000,0.0000,82.7920,7.0113,0.0666,-0.0336,3.1351},
				{0.0200,10.3378,-0.0089,76.5607,6.9874,-0.0659,0.0383,79.3948,7.0000,7.0000,0.0000,82.9323,7.0126,0.0659,-0.0383,3.1353},
				{0.0200,10.1978,-0.0084,76.7005,6.9861,-0.0650,0.0429,79.5348,7.0000,7.0000,0.0000,83.0725,7.0139,0.0650,-0.0429,3.1356},
				{0.0200,10.0578,-0.0079,76.8402,6.9849,-0.0640,0.0476,79.6748,7.0000,7.0000,0.0000,83.2128,7.0151,0.0640,-0.0476,3.1359},
				{0.0200,9.9178,-0.0075,76.9798,6.9836,-0.0630,0.0522,79.8148,7.0000,7.0000,0.0000,83.3532,7.0164,0.0630,-0.0522,3.1361},
				{0.0200,9.7778,-0.0071,77.1195,6.9824,-0.0619,0.0569,79.9548,7.0000,7.0000,0.0000,83.4935,7.0176,0.0619,-0.0569,3.1365},
				{0.0200,9.6378,-0.0068,77.2591,6.9811,-0.0606,0.0615,80.0948,7.0000,7.0000,0.0000,83.6339,7.0189,0.0606,-0.0615,3.1368},
				{0.0200,9.4978,-0.0065,77.3987,6.9800,-0.0593,0.0662,80.2348,7.0000,7.0000,0.0000,83.7743,7.0200,0.0593,-0.0662,3.1371},
				{0.0200,9.3578,-0.0063,77.5383,6.9788,-0.0579,0.0708,80.3748,7.0000,7.0000,0.0000,83.9147,7.0212,0.0579,-0.0708,3.1375},
				{0.0200,9.2178,-0.0061,77.6778,6.9777,-0.0564,0.0755,80.5148,7.0000,7.0000,0.0000,84.0552,7.0223,0.0564,-0.0755,3.1379},
				{0.0200,9.0778,-0.0059,77.8174,6.9766,-0.0548,0.0802,80.6548,7.0000,7.0000,0.0000,84.1956,7.0234,0.0548,-0.0802,3.1383},
				{0.0200,8.9378,-0.0059,77.9569,6.9755,-0.0531,0.0848,80.7948,7.0000,7.0000,0.0000,84.3361,7.0245,0.0531,-0.0848,3.1388},
				{0.0200,8.7978,-0.0059,78.0964,6.9745,-0.0513,0.0895,80.9348,7.0000,7.0000,0.0000,84.4766,7.0255,0.0513,-0.0895,3.1392},
				{0.0200,8.6578,-0.0059,78.2358,6.9735,-0.0494,0.0942,81.0748,7.0000,7.0000,0.0000,84.6172,7.0265,0.0494,-0.0942,3.1397},
				{0.0200,8.5178,-0.0061,78.3753,6.9726,-0.0474,0.0989,81.2148,7.0000,7.0000,0.0000,84.7577,7.0274,0.0474,-0.0988,3.1402},
				{0.0200,8.3778,-0.0063,78.5147,6.9716,-0.0454,0.1035,81.3548,7.0000,7.0000,0.0000,84.8983,7.0284,0.0454,-0.1035,3.1407},
				{0.0200,8.2378,-0.0065,78.6541,6.9708,-0.0432,0.1082,81.4948,7.0000,7.0000,0.0000,85.0389,7.0292,0.0432,-0.1082,3.1412},
				{0.0200,8.0978,-0.0069,78.7935,6.9700,-0.0409,0.1129,81.6348,7.0000,7.0000,0.0000,85.1795,7.0300,0.0409,-0.1129,3.1417},
				{0.0200,7.9578,-0.0073,78.9329,6.9692,-0.0386,0.1175,81.7748,7.0000,7.0000,0.0000,85.3201,7.0308,0.0386,-0.1175,3.1423},
				{0.0200,7.8178,-0.0078,79.0723,6.9685,-0.0361,0.1222,81.9148,7.0000,7.0000,0.0000,85.4607,7.0315,0.0361,-0.1222,3.1429},
				{0.0200,7.6778,-0.0083,79.2116,6.9678,-0.0336,0.1269,82.0548,7.0000,7.0000,0.0000,85.6014,7.0322,0.0336,-0.1269,3.1434},
				{0.0200,7.5379,-0.0090,79.3510,6.9672,-0.0310,0.1316,82.1948,7.0000,7.0000,0.0000,85.7420,7.0328,0.0310,-0.1316,3.1440},
				{0.0200,7.3979,-0.0097,79.4903,6.9666,-0.0282,0.1362,82.3348,7.0000,7.0000,0.0000,85.8827,7.0334,0.0282,-0.1362,3.1446},
				{0.0200,7.2579,-0.0106,79.6296,6.9661,-0.0254,0.1409,82.4748,7.0000,7.0000,0.0000,86.0234,7.0339,0.0254,-0.1409,3.1452},
				{0.0200,7.1179,-0.0115,79.7690,6.9657,-0.0225,0.1456,82.6148,7.0000,7.0000,0.0000,86.1641,7.0343,0.0225,-0.1456,3.1458},
				{0.0200,6.9779,-0.0125,79.9083,6.9653,-0.0195,0.1502,82.7548,7.0000,7.0000,0.0000,86.3048,7.0347,0.0195,-0.1502,3.1464},
				{0.0200,6.8379,-0.0135,80.0476,6.9649,-0.0164,0.1549,82.8948,7.0000,7.0000,0.0000,86.4455,7.0351,0.0164,-0.1549,3.1471},
				{0.0200,6.6979,-0.0147,80.1868,6.9647,-0.0132,0.1596,83.0348,7.0000,7.0000,0.0000,86.5862,7.0353,0.0132,-0.1596,3.1477},
				{0.0200,6.5579,-0.0160,80.3261,6.9645,-0.0099,0.1642,83.1748,7.0000,7.0000,0.0000,86.7269,7.0355,0.0099,-0.1642,3.1483},
				{0.0200,6.4179,-0.0173,80.4654,6.9643,-0.0066,0.1689,83.3148,7.0000,7.0000,0.0000,86.8676,7.0357,0.0066,-0.1689,3.1490},
				{0.0200,6.2779,-0.0187,80.6047,6.9643,-0.0031,0.1736,83.4548,7.0000,7.0000,0.0000,87.0083,7.0357,0.0031,-0.1736,3.1496},
				{0.0200,6.1379,-0.0203,80.7440,6.9643,0.0005,0.1782,83.5948,7.0000,7.0000,0.0000,87.1490,7.0357,-0.0005,-0.1782,3.1502},
				{0.0200,5.9979,-0.0219,80.8833,6.9644,0.0041,0.1829,83.7348,7.0000,7.0000,0.0000,87.2897,7.0356,-0.0041,-0.1829,3.1509},
				{0.0200,5.8579,-0.0236,81.0226,6.9645,0.0079,0.1875,83.8748,7.0000,7.0000,0.0000,87.4304,7.0355,-0.0079,-0.1875,3.1515},
				{0.0200,5.7179,-0.0253,81.1619,6.9648,0.0117,0.1922,84.0148,7.0000,7.0000,0.0000,87.5711,7.0352,-0.0117,-0.1922,3.1521},
				{0.0200,5.5807,-0.0272,81.2984,6.8258,-6.9496,-348.0659,84.1520,6.8600,-7.0000,0.0000,87.7090,6.8942,-7.0504,-351.9341,3.1527},
				{0.0200,5.4464,-0.0291,81.4321,6.6868,-6.9468,0.1378,84.2864,6.7200,-7.0000,0.0000,87.8441,6.7532,-7.0532,-0.1378,3.1533},
				{0.0200,5.3148,-0.0310,81.5631,6.5479,-6.9444,0.1201,84.4180,6.5800,-7.0000,0.0000,87.9763,6.6121,-7.0556,-0.1201,3.1539},
				{0.0200,5.1860,-0.0329,81.6913,6.4091,-6.9424,0.1027,84.5468,6.4400,-7.0000,0.0000,88.1057,6.4709,-7.0576,-0.1028,3.1544},
				{0.0200,5.0600,-0.0349,81.8167,6.2703,-6.9407,0.0858,84.6728,6.3000,-7.0000,0.0000,88.2323,6.3297,-7.0593,-0.0858,3.1550},
				{0.0200,4.9368,-0.0369,81.9393,6.1315,-6.9393,0.0694,84.7960,6.1600,-7.0000,0.0000,88.3561,6.1885,-7.0607,-0.0694,3.1555},
				{0.0200,4.8164,-0.0389,82.0592,5.9927,-6.9382,0.0534,84.9164,6.0200,-7.0000,0.0000,88.4771,6.0473,-7.0618,-0.0534,3.1559},
				{0.0200,4.6988,-0.0409,82.1762,5.8540,-6.9374,0.0380,85.0340,5.8800,-7.0000,0.0000,88.5952,5.9060,-7.0626,-0.0380,3.1564},
				{0.0200,4.5841,-0.0429,82.2905,5.7152,-6.9370,0.0231,85.1488,5.7400,-7.0000,0.0000,88.7105,5.7648,-7.0630,-0.0231,3.1569},
				{0.0200,4.4721,-0.0449,82.4021,5.5765,-6.9368,0.0089,85.2608,5.6000,-7.0000,0.0000,88.8229,5.6235,-7.0632,-0.0089,3.1573},
				{0.0200,4.3629,-0.0470,82.5108,5.4378,-6.9369,-0.0047,85.3700,5.4600,-7.0000,0.0000,88.9326,5.4822,-7.0631,0.0047,3.1577},
				{0.0200,4.2565,-0.0490,82.6168,5.2990,-6.9373,-0.0176,85.4764,5.3200,-7.0000,0.0000,89.0394,5.3410,-7.0627,0.0176,3.1580},
				{0.0200,4.1529,-0.0509,82.7200,5.1603,-6.9378,-0.0298,85.5800,5.1800,-7.0000,0.0000,89.1434,5.1997,-7.0622,0.0298,3.1584},
				{0.0200,4.0522,-0.0529,82.8204,5.0215,-6.9387,-0.0413,85.6808,5.0400,-7.0000,0.0000,89.2446,5.0585,-7.0613,0.0413,3.1587},
				{0.0200,3.9542,-0.0549,82.9181,4.8827,-6.9397,-0.0521,85.7788,4.9000,-7.0000,0.0000,89.3429,4.9173,-7.0603,0.0521,3.1590},
				{0.0200,3.8590,-0.0568,83.0130,4.7439,-6.9410,-0.0621,85.8740,4.7600,-7.0000,0.0000,89.4384,4.7761,-7.0590,0.0621,3.1593},
				{0.0200,3.7666,-0.0587,83.1051,4.6050,-6.9424,-0.0714,85.9664,4.6200,-7.0000,0.0000,89.5311,4.6350,-7.0576,0.0714,3.1596},
				{0.0200,3.6770,-0.0605,83.1944,4.4662,-6.9440,-0.0799,86.0560,4.4800,-7.0000,0.0000,89.6210,4.4938,-7.0560,0.0799,3.1598},
				{0.0200,3.5903,-0.0623,83.2809,4.3272,-6.9457,-0.0876,86.1428,4.3400,-7.0000,0.0000,89.7081,4.3528,-7.0543,0.0876,3.1600},
				{0.0200,3.5063,-0.0641,83.3647,4.1883,-6.9476,-0.0946,86.2268,4.2000,-7.0000,0.0000,89.7923,4.2117,-7.0524,0.0946,3.1603},
				{0.0200,3.4251,-0.0658,83.4457,4.0493,-6.9496,-0.1007,86.3080,4.0600,-7.0000,0.0000,89.8737,4.0707,-7.0504,0.1007,3.1604},
				{0.0200,3.3467,-0.0675,83.5239,3.9103,-6.9518,-0.1061,86.3864,3.9200,-7.0000,0.0000,89.9523,3.9297,-7.0482,0.1061,3.1606},
				{0.0200,3.2711,-0.0692,83.5993,3.7712,-6.9540,-0.1108,86.4620,3.7800,-7.0000,0.0000,90.0281,3.7888,-7.0460,0.1108,3.1608},
				{0.0200,3.1983,-0.0707,83.6720,3.6321,-6.9563,-0.1146,86.5348,3.6400,-7.0000,0.0000,90.1010,3.6479,-7.0437,0.1146,3.1609},
				{0.0200,3.1284,-0.0723,83.7418,3.4929,-6.9586,-0.1178,86.6048,3.5000,-7.0000,0.0000,90.1712,3.5071,-7.0414,0.1178,3.1610},
				{0.0200,3.0612,-0.0738,83.8089,3.3537,-6.9610,-0.1201,86.6720,3.3600,-7.0000,0.0000,90.2385,3.3663,-7.0390,0.1201,3.1612},
				{0.0200,2.9968,-0.0752,83.8732,3.2144,-6.9635,-0.1218,86.7364,3.2200,-7.0000,0.0000,90.3030,3.2256,-7.0365,0.1218,3.1613},
				{0.0200,2.9352,-0.0766,83.9347,3.0751,-6.9659,-0.1227,86.7980,3.0800,-7.0000,0.0000,90.3647,3.0849,-7.0341,0.1227,3.1613},
				{0.0200,2.8764,-0.0779,83.9934,2.9357,-6.9684,-0.1229,86.8568,2.9400,-7.0000,0.0000,90.4236,2.9443,-7.0316,0.1229,3.1614},
				{0.0200,2.8204,-0.0791,84.0493,2.7963,-6.9708,-0.1224,86.9128,2.8000,-7.0000,0.0000,90.4797,2.8037,-7.0292,0.1224,3.1615},
				{0.0200,2.7673,-0.0803,84.1025,2.6568,-6.9732,-0.1212,86.9660,2.6600,-7.0000,0.0000,90.5330,2.6632,-7.0268,0.1212,3.1615},
				{0.0200,2.7169,-0.0815,84.1528,2.5173,-6.9756,-0.1195,87.0164,2.5200,-7.0000,0.0000,90.5834,2.5227,-7.0244,0.1195,3.1616},
				{0.0200,2.6693,-0.0825,84.2004,2.3778,-6.9780,-0.1170,87.0640,2.3800,-7.0000,0.0000,90.6311,2.3822,-7.0220,0.1170,3.1616},
				{0.0200,2.6245,-0.0835,84.2451,2.2381,-6.9803,-0.1140,87.1088,2.2400,-7.0000,0.0000,90.6759,2.2419,-7.0197,0.1140,3.1617},
				{0.0200,2.5825,-0.0845,84.2871,2.0985,-6.9825,-0.1104,87.1508,2.1000,-7.0000,0.0000,90.7179,2.1015,-7.0175,0.1104,3.1617},
				{0.0200,2.5433,-0.0854,84.3263,1.9588,-6.9846,-0.1063,87.1900,1.9600,-7.0000,0.0000,90.7571,1.9612,-7.0154,0.1063,3.1617},
				{0.0200,2.5069,-0.0862,84.3626,1.8191,-6.9866,-0.1016,87.2264,1.8200,-7.0000,0.0000,90.7936,1.8209,-7.0134,0.1016,3.1617},
				{0.0200,2.4733,-0.0870,84.3962,1.6793,-6.9886,-0.0965,87.2600,1.6800,-7.0000,0.0000,90.8272,1.6807,-7.0114,0.0965,3.1617},
				{0.0200,2.4425,-0.0877,84.4270,1.5395,-6.9904,-0.0909,87.2908,1.5400,-7.0000,0.0000,90.8580,1.5405,-7.0096,0.0909,3.1618},
				{0.0200,2.4145,-0.0883,84.4550,1.3997,-6.9921,-0.0848,87.3188,1.4000,-7.0000,0.0000,90.8860,1.4003,-7.0079,0.0848,3.1618},
				{0.0200,2.3893,-0.0889,84.4802,1.2598,-6.9936,-0.0784,87.3440,1.2600,-7.0000,0.0000,90.9112,1.2602,-7.0064,0.0784,3.1618},
				{0.0200,2.3670,-0.0894,84.5026,1.1199,-6.9951,-0.0716,87.3664,1.1200,-7.0000,0.0000,90.9336,1.1201,-7.0049,0.0716,3.1618},
				{0.0200,2.3474,-0.0898,84.5222,0.9800,-6.9964,-0.0645,87.3860,0.9800,-7.0000,0.0000,90.9532,0.9800,-7.0036,0.0645,3.1618},
				{0.0200,2.3400,-0.0900,84.5296,0.3681,-30.5930,-1179.8303,87.3933,0.8400,-7.0000,0.0000,90.9606,0.3681,-30.5973,-1179.6846,3.1618},
				{0.0200,2.3400,-0.0900,84.5296,0.0000,-18.4047,609.4153,87.3933,0.7000,-7.0000,0.0000,90.9606,0.0000,-18.4050,609.6144,3.1618},
				{0.0200,2.3400,-0.0900,84.5296,0.0000,0.0000,920.2330,87.3933,0.5600,-7.0000,0.0000,90.9606,0.0000,0.0000,920.2521,3.1618},
				{0.0200,2.3400,-0.0900,84.5296,0.0000,0.0000,0.0000,87.3933,0.4200,-7.0000,0.0000,90.9606,0.0000,0.0000,0.0000,3.1618},
				{0.0200,2.3400,-0.0900,84.5296,0.0000,0.0000,0.0000,87.3933,0.2800,-7.0000,0.0000,90.9606,0.0000,0.0000,0.0000,3.1618},
				{0.0200,2.3400,-0.0900,84.5296,0.0000,0.0000,0.0000,87.3933,0.1400,-7.0000,0.0000,90.9606,0.0000,0.0000,0.0000,3.1618},
				{0.0200,2.3400,-0.0900,84.5296,0.0000,0.0000,0.0000,87.3933,0.0000,-7.0000,0.0000,90.9606,0.0000,0.0000,0.0000,3.1618},
				{0.0200,2.3400,-0.0900,84.5296,0.0000,0.0000,0.0000,87.3933,-0.1400,-7.0000,0.0000,90.9606,0.0000,0.0000,0.0000,3.1618},

	    };

	@Override
	public double[][] getPath() {
	    return points;
	}
}