ThreeFeetForward
3.0
6.0
0.0
0.0
3.0
6.0
6.0
0.0
0.0
7.0
BaseLineToTrenchEdge
25.0
-11.0
0.0
0.0
3.0
32.17
-11.0
0.0
0.0
3.0
Biggie
0.0
0.0
0.0
0.0
10.0
5.0
2.0
0.0
3.0
10.0
10.0
2.0
0.0
0.0
10.0
Right
23.0
-11.2
0.0
0.0
3.0
31.0
-11.2
0.0
0.0
7.0
RightSweep
12.4
-11.2
0.0
0.0
3.0
23.0
-11.2
0.0
0.0
7.0
GhostBiggie
10.25
-11.2
0.0
0.0
5.0
18.0
-11.2
0.0
7.0
7.0
23.0
-10.75
0.2617993877991494
0.0
7.0
BaselineAuto
27.0
-5.5
0.0
0.0
7.0
31.0
-5.5
0.0
0.0
7.0
EightteenInchesBack
36.34
-4.98
0.0
0.0
7.0
38.0
-5.0
0.0
0.0
7.0
CollectRendBalls3
31.0
1.0
0.0
0.0
7.0
37.0
2.36
0.3839724354387525
0.0
7.0
OppTrenchLayupPartOne
31.0
11.0
0.0
0.0
7.0
22.5
11.0
0.0
0.0
7.0
OppTrenchLayupPartTwo
19.5
11.0
0.0
0.0
7.0
28.0
11.0
0.0
7.0
7.0
32.0
7.0
1.5706217938696971
7.0
7.0
32.0
-1.6
1.5706217938696971
7.0
7.0
36.0
-5.6
0.0
7.0
7.0
38.5
-5.6
0.0
0.0
7.0
TrenchLayupPartOne
20.0
-11.2
0.0
0.0
7.0
31.0
-11.2
0.0
0.0
7.0
TrenchLayupPartTwo
17.0
-11.2
0.0
0.0
7.0
28.0
-11.2
0.0
7.0
7.0
36.0
-5.6
0.0
7.0
7.0
38.5
-5.6
0.0
0.0
7.0
RendLayupPartOne
25.0
-0.75
0.0
0.0
7.0
31.0
-0.75
0.0
0.0
7.0
RendLayupPartTwo
22.0
-0.75
0.0
0.0
7.0
28.0
-0.75
0.0
7.0
7.0
36.0
-5.6
0.0
7.0
7.0
38.5
-5.6
0.0
0.0
7.0
g
